XXXXXXXXXXXXXXXX
0000000000000000
0000000000000000
0000000000000000
0000000000000000
0000000000000000
0000000000000101
0000000000000000
0000000000000000
0000000000001010
0000000000000000
0000000000000000
0000000000001111
0000000000000000
0000000000000101
0000000000000000
0000000000000000
0000000000000101
0000000000000101
0000000000000000
0000000000000101
0000000000001010
0000000000000000
0000000000000101
0000000000001111
0000000000000000
0000000000001010
0000000000000000
0000000000000000
0000000000001010
0000000000000101
0000000000000000
0000000000001010
0000000000001010
0000000000000000
0000000000001010
0000000000001111
0000000000000000
0000000000001111
0000000000000000
0000000000000000
0000000000001111
0000000000000101
0000000000000000
0000000000001111
0000000000001010
0000000000000000
0000000000001111
0000000000001111
0000000000000101
0000000000000000
0000000000000000
0000000000000101
0000000000000000
0000000000000101
0000000000000101
0000000000000000
0000000000001010
0000000000000101
0000000000000000
0000000000001111
0000000000000101
0000000000000101
0000000000000000
0000000000000101
0000000000000101
0000000000000101
0000000000000101
0000000000000101
0000000000001010
0000000000000101
0000000000000101
0000000000001111
0000000000000101
0000000000001010
0000000000000000
0000000000000101
0000000000001010
0000000000000101
0000000000000101
0000000000001010
0000000000001010
0000000000000101
0000000000001010
0000000000001111
0000000000000101
0000000000001111
0000000000000000
0000000000000101
0000000000001111
0000000000000101
0000000000000101
0000000000001111
0000000000001010
0000000000000101
0000000000001111
0000000000001111
0000000000001010
0000000000000000
0000000000000000
0000000000001010
0000000000000000
0000000000000101
0000000000001010
0000000000000000
0000000000001010
0000000000001010
0000000000000000
0000000000001111
0000000000001010
0000000000000101
0000000000000000
0000000000001010
0000000000000101
0000000000000101
0000000000001010
0000000000000101
0000000000001010
0000000000001010
0000000000000101
0000000000001111
0000000000001010
0000000000001010
0000000000000000
0000000000001010
0000000000001010
0000000000000101
0000000000001010
0000000000001010
0000000000001010
0000000000001010
0000000000001010
0000000000001111
0000000000001010
0000000000001111
0000000000000000
0000000000001010
0000000000001111
0000000000000101
0000000000001010
0000000000001111
0000000000001010
0000000000001010
0000000000001111
0000000000001111
0000000000001111
0000000000000000
0000000000000000
0000000000001111
0000000000000000
0000000000000101
0000000000001111
0000000000000000
0000000000001010
0000000000001111
0000000000000000
0000000000001111
0000000000001111
0000000000000101
0000000000000000
0000000000001111
0000000000000101
0000000000000101
0000000000001111
0000000000000101
0000000000001010
0000000000001111
0000000000000101
0000000000001111
0000000000001111
0000000000001010
0000000000000000
0000000000001111
0000000000001010
0000000000000101
0000000000001111
0000000000001010
0000000000001010
0000000000001111
0000000000001010
0000000000001111
0000000000001111
0000000000001111
0000000000000000
0000000000001111
0000000000001111
0000000000000101
0000000000001111
0000000000001111
0000000000001010
0000000000001111
0000000000001111
0000000000001111
.
