00000000 00000000 00000000 00000000 00
00000000 00000000 00000000 00000000 01
00000000 00000000 00000000 00000000 10
00000000 00000000 00000000 00000000 11
00000000 00000000 00000000 00000101 00
00000000 00000000 00000000 00000101 01
00000000 00000000 00000000 00000101 10
00000000 00000000 00000000 00000101 11
00000000 00000000 00000000 00001010 00
00000000 00000000 00000000 00001010 01
00000000 00000000 00000000 00001010 10
00000000 00000000 00000000 00001010 11
00000000 00000000 00000000 00001111 00
00000000 00000000 00000000 00001111 01
00000000 00000000 00000000 00001111 10
00000000 00000000 00000000 00001111 11
00000000 00000000 00000101 00000000 00
00000000 00000000 00000101 00000000 01
00000000 00000000 00000101 00000000 10
00000000 00000000 00000101 00000000 11
00000000 00000000 00000101 00000101 00
00000000 00000000 00000101 00000101 01
00000000 00000000 00000101 00000101 10
00000000 00000000 00000101 00000101 11
00000000 00000000 00000101 00001010 00
00000000 00000000 00000101 00001010 01
00000000 00000000 00000101 00001010 10
00000000 00000000 00000101 00001010 11
00000000 00000000 00000101 00001111 00
00000000 00000000 00000101 00001111 01
00000000 00000000 00000101 00001111 10
00000000 00000000 00000101 00001111 11
00000000 00000000 00001010 00000000 00
00000000 00000000 00001010 00000000 01
00000000 00000000 00001010 00000000 10
00000000 00000000 00001010 00000000 11
00000000 00000000 00001010 00000101 00
00000000 00000000 00001010 00000101 01
00000000 00000000 00001010 00000101 10
00000000 00000000 00001010 00000101 11
00000000 00000000 00001010 00001010 00
00000000 00000000 00001010 00001010 01
00000000 00000000 00001010 00001010 10
00000000 00000000 00001010 00001010 11
00000000 00000000 00001010 00001111 00
00000000 00000000 00001010 00001111 01
00000000 00000000 00001010 00001111 10
00000000 00000000 00001010 00001111 11
00000000 00000000 00001111 00000000 00
00000000 00000000 00001111 00000000 01
00000000 00000000 00001111 00000000 10
00000000 00000000 00001111 00000000 11
00000000 00000000 00001111 00000101 00
00000000 00000000 00001111 00000101 01
00000000 00000000 00001111 00000101 10
00000000 00000000 00001111 00000101 11
00000000 00000000 00001111 00001010 00
00000000 00000000 00001111 00001010 01
00000000 00000000 00001111 00001010 10
00000000 00000000 00001111 00001010 11
00000000 00000000 00001111 00001111 00
00000000 00000000 00001111 00001111 01
00000000 00000000 00001111 00001111 10
00000000 00000000 00001111 00001111 11
00000000 00000101 00000000 00000000 00
00000000 00000101 00000000 00000000 01
00000000 00000101 00000000 00000000 10
00000000 00000101 00000000 00000000 11
00000000 00000101 00000000 00000101 00
00000000 00000101 00000000 00000101 01
00000000 00000101 00000000 00000101 10
00000000 00000101 00000000 00000101 11
00000000 00000101 00000000 00001010 00
00000000 00000101 00000000 00001010 01
00000000 00000101 00000000 00001010 10
00000000 00000101 00000000 00001010 11
00000000 00000101 00000000 00001111 00
00000000 00000101 00000000 00001111 01
00000000 00000101 00000000 00001111 10
00000000 00000101 00000000 00001111 11
00000000 00000101 00000101 00000000 00
00000000 00000101 00000101 00000000 01
00000000 00000101 00000101 00000000 10
00000000 00000101 00000101 00000000 11
00000000 00000101 00000101 00000101 00
00000000 00000101 00000101 00000101 01
00000000 00000101 00000101 00000101 10
00000000 00000101 00000101 00000101 11
00000000 00000101 00000101 00001010 00
00000000 00000101 00000101 00001010 01
00000000 00000101 00000101 00001010 10
00000000 00000101 00000101 00001010 11
00000000 00000101 00000101 00001111 00
00000000 00000101 00000101 00001111 01
00000000 00000101 00000101 00001111 10
00000000 00000101 00000101 00001111 11
00000000 00000101 00001010 00000000 00
00000000 00000101 00001010 00000000 01
00000000 00000101 00001010 00000000 10
00000000 00000101 00001010 00000000 11
00000000 00000101 00001010 00000101 00
00000000 00000101 00001010 00000101 01
00000000 00000101 00001010 00000101 10
00000000 00000101 00001010 00000101 11
00000000 00000101 00001010 00001010 00
00000000 00000101 00001010 00001010 01
00000000 00000101 00001010 00001010 10
00000000 00000101 00001010 00001010 11
00000000 00000101 00001010 00001111 00
00000000 00000101 00001010 00001111 01
00000000 00000101 00001010 00001111 10
00000000 00000101 00001010 00001111 11
00000000 00000101 00001111 00000000 00
00000000 00000101 00001111 00000000 01
00000000 00000101 00001111 00000000 10
00000000 00000101 00001111 00000000 11
00000000 00000101 00001111 00000101 00
00000000 00000101 00001111 00000101 01
00000000 00000101 00001111 00000101 10
00000000 00000101 00001111 00000101 11
00000000 00000101 00001111 00001010 00
00000000 00000101 00001111 00001010 01
00000000 00000101 00001111 00001010 10
00000000 00000101 00001111 00001010 11
00000000 00000101 00001111 00001111 00
00000000 00000101 00001111 00001111 01
00000000 00000101 00001111 00001111 10
00000000 00000101 00001111 00001111 11
00000000 00001010 00000000 00000000 00
00000000 00001010 00000000 00000000 01
00000000 00001010 00000000 00000000 10
00000000 00001010 00000000 00000000 11
00000000 00001010 00000000 00000101 00
00000000 00001010 00000000 00000101 01
00000000 00001010 00000000 00000101 10
00000000 00001010 00000000 00000101 11
00000000 00001010 00000000 00001010 00
00000000 00001010 00000000 00001010 01
00000000 00001010 00000000 00001010 10
00000000 00001010 00000000 00001010 11
00000000 00001010 00000000 00001111 00
00000000 00001010 00000000 00001111 01
00000000 00001010 00000000 00001111 10
00000000 00001010 00000000 00001111 11
00000000 00001010 00000101 00000000 00
00000000 00001010 00000101 00000000 01
00000000 00001010 00000101 00000000 10
00000000 00001010 00000101 00000000 11
00000000 00001010 00000101 00000101 00
00000000 00001010 00000101 00000101 01
00000000 00001010 00000101 00000101 10
00000000 00001010 00000101 00000101 11
00000000 00001010 00000101 00001010 00
00000000 00001010 00000101 00001010 01
00000000 00001010 00000101 00001010 10
00000000 00001010 00000101 00001010 11
00000000 00001010 00000101 00001111 00
00000000 00001010 00000101 00001111 01
00000000 00001010 00000101 00001111 10
00000000 00001010 00000101 00001111 11
00000000 00001010 00001010 00000000 00
00000000 00001010 00001010 00000000 01
00000000 00001010 00001010 00000000 10
00000000 00001010 00001010 00000000 11
00000000 00001010 00001010 00000101 00
00000000 00001010 00001010 00000101 01
00000000 00001010 00001010 00000101 10
00000000 00001010 00001010 00000101 11
00000000 00001010 00001010 00001010 00
00000000 00001010 00001010 00001010 01
00000000 00001010 00001010 00001010 10
00000000 00001010 00001010 00001010 11
00000000 00001010 00001010 00001111 00
00000000 00001010 00001010 00001111 01
00000000 00001010 00001010 00001111 10
00000000 00001010 00001010 00001111 11
00000000 00001010 00001111 00000000 00
00000000 00001010 00001111 00000000 01
00000000 00001010 00001111 00000000 10
00000000 00001010 00001111 00000000 11
00000000 00001010 00001111 00000101 00
00000000 00001010 00001111 00000101 01
00000000 00001010 00001111 00000101 10
00000000 00001010 00001111 00000101 11
00000000 00001010 00001111 00001010 00
00000000 00001010 00001111 00001010 01
00000000 00001010 00001111 00001010 10
00000000 00001010 00001111 00001010 11
00000000 00001010 00001111 00001111 00
00000000 00001010 00001111 00001111 01
00000000 00001010 00001111 00001111 10
00000000 00001010 00001111 00001111 11
00000000 00001111 00000000 00000000 00
00000000 00001111 00000000 00000000 01
00000000 00001111 00000000 00000000 10
00000000 00001111 00000000 00000000 11
00000000 00001111 00000000 00000101 00
00000000 00001111 00000000 00000101 01
00000000 00001111 00000000 00000101 10
00000000 00001111 00000000 00000101 11
00000000 00001111 00000000 00001010 00
00000000 00001111 00000000 00001010 01
00000000 00001111 00000000 00001010 10
00000000 00001111 00000000 00001010 11
00000000 00001111 00000000 00001111 00
00000000 00001111 00000000 00001111 01
00000000 00001111 00000000 00001111 10
00000000 00001111 00000000 00001111 11
00000000 00001111 00000101 00000000 00
00000000 00001111 00000101 00000000 01
00000000 00001111 00000101 00000000 10
00000000 00001111 00000101 00000000 11
00000000 00001111 00000101 00000101 00
00000000 00001111 00000101 00000101 01
00000000 00001111 00000101 00000101 10
00000000 00001111 00000101 00000101 11
00000000 00001111 00000101 00001010 00
00000000 00001111 00000101 00001010 01
00000000 00001111 00000101 00001010 10
00000000 00001111 00000101 00001010 11
00000000 00001111 00000101 00001111 00
00000000 00001111 00000101 00001111 01
00000000 00001111 00000101 00001111 10
00000000 00001111 00000101 00001111 11
00000000 00001111 00001010 00000000 00
00000000 00001111 00001010 00000000 01
00000000 00001111 00001010 00000000 10
00000000 00001111 00001010 00000000 11
00000000 00001111 00001010 00000101 00
00000000 00001111 00001010 00000101 01
00000000 00001111 00001010 00000101 10
00000000 00001111 00001010 00000101 11
00000000 00001111 00001010 00001010 00
00000000 00001111 00001010 00001010 01
00000000 00001111 00001010 00001010 10
00000000 00001111 00001010 00001010 11
00000000 00001111 00001010 00001111 00
00000000 00001111 00001010 00001111 01
00000000 00001111 00001010 00001111 10
00000000 00001111 00001010 00001111 11
00000000 00001111 00001111 00000000 00
00000000 00001111 00001111 00000000 01
00000000 00001111 00001111 00000000 10
00000000 00001111 00001111 00000000 11
00000000 00001111 00001111 00000101 00
00000000 00001111 00001111 00000101 01
00000000 00001111 00001111 00000101 10
00000000 00001111 00001111 00000101 11
00000000 00001111 00001111 00001010 00
00000000 00001111 00001111 00001010 01
00000000 00001111 00001111 00001010 10
00000000 00001111 00001111 00001010 11
00000000 00001111 00001111 00001111 00
00000000 00001111 00001111 00001111 01
00000000 00001111 00001111 00001111 10
00000000 00001111 00001111 00001111 11
00000101 00000000 00000000 00000000 00
00000101 00000000 00000000 00000000 01
00000101 00000000 00000000 00000000 10
00000101 00000000 00000000 00000000 11
00000101 00000000 00000000 00000101 00
00000101 00000000 00000000 00000101 01
00000101 00000000 00000000 00000101 10
00000101 00000000 00000000 00000101 11
00000101 00000000 00000000 00001010 00
00000101 00000000 00000000 00001010 01
00000101 00000000 00000000 00001010 10
00000101 00000000 00000000 00001010 11
00000101 00000000 00000000 00001111 00
00000101 00000000 00000000 00001111 01
00000101 00000000 00000000 00001111 10
00000101 00000000 00000000 00001111 11
00000101 00000000 00000101 00000000 00
00000101 00000000 00000101 00000000 01
00000101 00000000 00000101 00000000 10
00000101 00000000 00000101 00000000 11
00000101 00000000 00000101 00000101 00
00000101 00000000 00000101 00000101 01
00000101 00000000 00000101 00000101 10
00000101 00000000 00000101 00000101 11
00000101 00000000 00000101 00001010 00
00000101 00000000 00000101 00001010 01
00000101 00000000 00000101 00001010 10
00000101 00000000 00000101 00001010 11
00000101 00000000 00000101 00001111 00
00000101 00000000 00000101 00001111 01
00000101 00000000 00000101 00001111 10
00000101 00000000 00000101 00001111 11
00000101 00000000 00001010 00000000 00
00000101 00000000 00001010 00000000 01
00000101 00000000 00001010 00000000 10
00000101 00000000 00001010 00000000 11
00000101 00000000 00001010 00000101 00
00000101 00000000 00001010 00000101 01
00000101 00000000 00001010 00000101 10
00000101 00000000 00001010 00000101 11
00000101 00000000 00001010 00001010 00
00000101 00000000 00001010 00001010 01
00000101 00000000 00001010 00001010 10
00000101 00000000 00001010 00001010 11
00000101 00000000 00001010 00001111 00
00000101 00000000 00001010 00001111 01
00000101 00000000 00001010 00001111 10
00000101 00000000 00001010 00001111 11
00000101 00000000 00001111 00000000 00
00000101 00000000 00001111 00000000 01
00000101 00000000 00001111 00000000 10
00000101 00000000 00001111 00000000 11
00000101 00000000 00001111 00000101 00
00000101 00000000 00001111 00000101 01
00000101 00000000 00001111 00000101 10
00000101 00000000 00001111 00000101 11
00000101 00000000 00001111 00001010 00
00000101 00000000 00001111 00001010 01
00000101 00000000 00001111 00001010 10
00000101 00000000 00001111 00001010 11
00000101 00000000 00001111 00001111 00
00000101 00000000 00001111 00001111 01
00000101 00000000 00001111 00001111 10
00000101 00000000 00001111 00001111 11
00000101 00000101 00000000 00000000 00
00000101 00000101 00000000 00000000 01
00000101 00000101 00000000 00000000 10
00000101 00000101 00000000 00000000 11
00000101 00000101 00000000 00000101 00
00000101 00000101 00000000 00000101 01
00000101 00000101 00000000 00000101 10
00000101 00000101 00000000 00000101 11
00000101 00000101 00000000 00001010 00
00000101 00000101 00000000 00001010 01
00000101 00000101 00000000 00001010 10
00000101 00000101 00000000 00001010 11
00000101 00000101 00000000 00001111 00
00000101 00000101 00000000 00001111 01
00000101 00000101 00000000 00001111 10
00000101 00000101 00000000 00001111 11
00000101 00000101 00000101 00000000 00
00000101 00000101 00000101 00000000 01
00000101 00000101 00000101 00000000 10
00000101 00000101 00000101 00000000 11
00000101 00000101 00000101 00000101 00
00000101 00000101 00000101 00000101 01
00000101 00000101 00000101 00000101 10
00000101 00000101 00000101 00000101 11
00000101 00000101 00000101 00001010 00
00000101 00000101 00000101 00001010 01
00000101 00000101 00000101 00001010 10
00000101 00000101 00000101 00001010 11
00000101 00000101 00000101 00001111 00
00000101 00000101 00000101 00001111 01
00000101 00000101 00000101 00001111 10
00000101 00000101 00000101 00001111 11
00000101 00000101 00001010 00000000 00
00000101 00000101 00001010 00000000 01
00000101 00000101 00001010 00000000 10
00000101 00000101 00001010 00000000 11
00000101 00000101 00001010 00000101 00
00000101 00000101 00001010 00000101 01
00000101 00000101 00001010 00000101 10
00000101 00000101 00001010 00000101 11
00000101 00000101 00001010 00001010 00
00000101 00000101 00001010 00001010 01
00000101 00000101 00001010 00001010 10
00000101 00000101 00001010 00001010 11
00000101 00000101 00001010 00001111 00
00000101 00000101 00001010 00001111 01
00000101 00000101 00001010 00001111 10
00000101 00000101 00001010 00001111 11
00000101 00000101 00001111 00000000 00
00000101 00000101 00001111 00000000 01
00000101 00000101 00001111 00000000 10
00000101 00000101 00001111 00000000 11
00000101 00000101 00001111 00000101 00
00000101 00000101 00001111 00000101 01
00000101 00000101 00001111 00000101 10
00000101 00000101 00001111 00000101 11
00000101 00000101 00001111 00001010 00
00000101 00000101 00001111 00001010 01
00000101 00000101 00001111 00001010 10
00000101 00000101 00001111 00001010 11
00000101 00000101 00001111 00001111 00
00000101 00000101 00001111 00001111 01
00000101 00000101 00001111 00001111 10
00000101 00000101 00001111 00001111 11
00000101 00001010 00000000 00000000 00
00000101 00001010 00000000 00000000 01
00000101 00001010 00000000 00000000 10
00000101 00001010 00000000 00000000 11
00000101 00001010 00000000 00000101 00
00000101 00001010 00000000 00000101 01
00000101 00001010 00000000 00000101 10
00000101 00001010 00000000 00000101 11
00000101 00001010 00000000 00001010 00
00000101 00001010 00000000 00001010 01
00000101 00001010 00000000 00001010 10
00000101 00001010 00000000 00001010 11
00000101 00001010 00000000 00001111 00
00000101 00001010 00000000 00001111 01
00000101 00001010 00000000 00001111 10
00000101 00001010 00000000 00001111 11
00000101 00001010 00000101 00000000 00
00000101 00001010 00000101 00000000 01
00000101 00001010 00000101 00000000 10
00000101 00001010 00000101 00000000 11
00000101 00001010 00000101 00000101 00
00000101 00001010 00000101 00000101 01
00000101 00001010 00000101 00000101 10
00000101 00001010 00000101 00000101 11
00000101 00001010 00000101 00001010 00
00000101 00001010 00000101 00001010 01
00000101 00001010 00000101 00001010 10
00000101 00001010 00000101 00001010 11
00000101 00001010 00000101 00001111 00
00000101 00001010 00000101 00001111 01
00000101 00001010 00000101 00001111 10
00000101 00001010 00000101 00001111 11
00000101 00001010 00001010 00000000 00
00000101 00001010 00001010 00000000 01
00000101 00001010 00001010 00000000 10
00000101 00001010 00001010 00000000 11
00000101 00001010 00001010 00000101 00
00000101 00001010 00001010 00000101 01
00000101 00001010 00001010 00000101 10
00000101 00001010 00001010 00000101 11
00000101 00001010 00001010 00001010 00
00000101 00001010 00001010 00001010 01
00000101 00001010 00001010 00001010 10
00000101 00001010 00001010 00001010 11
00000101 00001010 00001010 00001111 00
00000101 00001010 00001010 00001111 01
00000101 00001010 00001010 00001111 10
00000101 00001010 00001010 00001111 11
00000101 00001010 00001111 00000000 00
00000101 00001010 00001111 00000000 01
00000101 00001010 00001111 00000000 10
00000101 00001010 00001111 00000000 11
00000101 00001010 00001111 00000101 00
00000101 00001010 00001111 00000101 01
00000101 00001010 00001111 00000101 10
00000101 00001010 00001111 00000101 11
00000101 00001010 00001111 00001010 00
00000101 00001010 00001111 00001010 01
00000101 00001010 00001111 00001010 10
00000101 00001010 00001111 00001010 11
00000101 00001010 00001111 00001111 00
00000101 00001010 00001111 00001111 01
00000101 00001010 00001111 00001111 10
00000101 00001010 00001111 00001111 11
00000101 00001111 00000000 00000000 00
00000101 00001111 00000000 00000000 01
00000101 00001111 00000000 00000000 10
00000101 00001111 00000000 00000000 11
00000101 00001111 00000000 00000101 00
00000101 00001111 00000000 00000101 01
00000101 00001111 00000000 00000101 10
00000101 00001111 00000000 00000101 11
00000101 00001111 00000000 00001010 00
00000101 00001111 00000000 00001010 01
00000101 00001111 00000000 00001010 10
00000101 00001111 00000000 00001010 11
00000101 00001111 00000000 00001111 00
00000101 00001111 00000000 00001111 01
00000101 00001111 00000000 00001111 10
00000101 00001111 00000000 00001111 11
00000101 00001111 00000101 00000000 00
00000101 00001111 00000101 00000000 01
00000101 00001111 00000101 00000000 10
00000101 00001111 00000101 00000000 11
00000101 00001111 00000101 00000101 00
00000101 00001111 00000101 00000101 01
00000101 00001111 00000101 00000101 10
00000101 00001111 00000101 00000101 11
00000101 00001111 00000101 00001010 00
00000101 00001111 00000101 00001010 01
00000101 00001111 00000101 00001010 10
00000101 00001111 00000101 00001010 11
00000101 00001111 00000101 00001111 00
00000101 00001111 00000101 00001111 01
00000101 00001111 00000101 00001111 10
00000101 00001111 00000101 00001111 11
00000101 00001111 00001010 00000000 00
00000101 00001111 00001010 00000000 01
00000101 00001111 00001010 00000000 10
00000101 00001111 00001010 00000000 11
00000101 00001111 00001010 00000101 00
00000101 00001111 00001010 00000101 01
00000101 00001111 00001010 00000101 10
00000101 00001111 00001010 00000101 11
00000101 00001111 00001010 00001010 00
00000101 00001111 00001010 00001010 01
00000101 00001111 00001010 00001010 10
00000101 00001111 00001010 00001010 11
00000101 00001111 00001010 00001111 00
00000101 00001111 00001010 00001111 01
00000101 00001111 00001010 00001111 10
00000101 00001111 00001010 00001111 11
00000101 00001111 00001111 00000000 00
00000101 00001111 00001111 00000000 01
00000101 00001111 00001111 00000000 10
00000101 00001111 00001111 00000000 11
00000101 00001111 00001111 00000101 00
00000101 00001111 00001111 00000101 01
00000101 00001111 00001111 00000101 10
00000101 00001111 00001111 00000101 11
00000101 00001111 00001111 00001010 00
00000101 00001111 00001111 00001010 01
00000101 00001111 00001111 00001010 10
00000101 00001111 00001111 00001010 11
00000101 00001111 00001111 00001111 00
00000101 00001111 00001111 00001111 01
00000101 00001111 00001111 00001111 10
00000101 00001111 00001111 00001111 11
00001010 00000000 00000000 00000000 00
00001010 00000000 00000000 00000000 01
00001010 00000000 00000000 00000000 10
00001010 00000000 00000000 00000000 11
00001010 00000000 00000000 00000101 00
00001010 00000000 00000000 00000101 01
00001010 00000000 00000000 00000101 10
00001010 00000000 00000000 00000101 11
00001010 00000000 00000000 00001010 00
00001010 00000000 00000000 00001010 01
00001010 00000000 00000000 00001010 10
00001010 00000000 00000000 00001010 11
00001010 00000000 00000000 00001111 00
00001010 00000000 00000000 00001111 01
00001010 00000000 00000000 00001111 10
00001010 00000000 00000000 00001111 11
00001010 00000000 00000101 00000000 00
00001010 00000000 00000101 00000000 01
00001010 00000000 00000101 00000000 10
00001010 00000000 00000101 00000000 11
00001010 00000000 00000101 00000101 00
00001010 00000000 00000101 00000101 01
00001010 00000000 00000101 00000101 10
00001010 00000000 00000101 00000101 11
00001010 00000000 00000101 00001010 00
00001010 00000000 00000101 00001010 01
00001010 00000000 00000101 00001010 10
00001010 00000000 00000101 00001010 11
00001010 00000000 00000101 00001111 00
00001010 00000000 00000101 00001111 01
00001010 00000000 00000101 00001111 10
00001010 00000000 00000101 00001111 11
00001010 00000000 00001010 00000000 00
00001010 00000000 00001010 00000000 01
00001010 00000000 00001010 00000000 10
00001010 00000000 00001010 00000000 11
00001010 00000000 00001010 00000101 00
00001010 00000000 00001010 00000101 01
00001010 00000000 00001010 00000101 10
00001010 00000000 00001010 00000101 11
00001010 00000000 00001010 00001010 00
00001010 00000000 00001010 00001010 01
00001010 00000000 00001010 00001010 10
00001010 00000000 00001010 00001010 11
00001010 00000000 00001010 00001111 00
00001010 00000000 00001010 00001111 01
00001010 00000000 00001010 00001111 10
00001010 00000000 00001010 00001111 11
00001010 00000000 00001111 00000000 00
00001010 00000000 00001111 00000000 01
00001010 00000000 00001111 00000000 10
00001010 00000000 00001111 00000000 11
00001010 00000000 00001111 00000101 00
00001010 00000000 00001111 00000101 01
00001010 00000000 00001111 00000101 10
00001010 00000000 00001111 00000101 11
00001010 00000000 00001111 00001010 00
00001010 00000000 00001111 00001010 01
00001010 00000000 00001111 00001010 10
00001010 00000000 00001111 00001010 11
00001010 00000000 00001111 00001111 00
00001010 00000000 00001111 00001111 01
00001010 00000000 00001111 00001111 10
00001010 00000000 00001111 00001111 11
00001010 00000101 00000000 00000000 00
00001010 00000101 00000000 00000000 01
00001010 00000101 00000000 00000000 10
00001010 00000101 00000000 00000000 11
00001010 00000101 00000000 00000101 00
00001010 00000101 00000000 00000101 01
00001010 00000101 00000000 00000101 10
00001010 00000101 00000000 00000101 11
00001010 00000101 00000000 00001010 00
00001010 00000101 00000000 00001010 01
00001010 00000101 00000000 00001010 10
00001010 00000101 00000000 00001010 11
00001010 00000101 00000000 00001111 00
00001010 00000101 00000000 00001111 01
00001010 00000101 00000000 00001111 10
00001010 00000101 00000000 00001111 11
00001010 00000101 00000101 00000000 00
00001010 00000101 00000101 00000000 01
00001010 00000101 00000101 00000000 10
00001010 00000101 00000101 00000000 11
00001010 00000101 00000101 00000101 00
00001010 00000101 00000101 00000101 01
00001010 00000101 00000101 00000101 10
00001010 00000101 00000101 00000101 11
00001010 00000101 00000101 00001010 00
00001010 00000101 00000101 00001010 01
00001010 00000101 00000101 00001010 10
00001010 00000101 00000101 00001010 11
00001010 00000101 00000101 00001111 00
00001010 00000101 00000101 00001111 01
00001010 00000101 00000101 00001111 10
00001010 00000101 00000101 00001111 11
00001010 00000101 00001010 00000000 00
00001010 00000101 00001010 00000000 01
00001010 00000101 00001010 00000000 10
00001010 00000101 00001010 00000000 11
00001010 00000101 00001010 00000101 00
00001010 00000101 00001010 00000101 01
00001010 00000101 00001010 00000101 10
00001010 00000101 00001010 00000101 11
00001010 00000101 00001010 00001010 00
00001010 00000101 00001010 00001010 01
00001010 00000101 00001010 00001010 10
00001010 00000101 00001010 00001010 11
00001010 00000101 00001010 00001111 00
00001010 00000101 00001010 00001111 01
00001010 00000101 00001010 00001111 10
00001010 00000101 00001010 00001111 11
00001010 00000101 00001111 00000000 00
00001010 00000101 00001111 00000000 01
00001010 00000101 00001111 00000000 10
00001010 00000101 00001111 00000000 11
00001010 00000101 00001111 00000101 00
00001010 00000101 00001111 00000101 01
00001010 00000101 00001111 00000101 10
00001010 00000101 00001111 00000101 11
00001010 00000101 00001111 00001010 00
00001010 00000101 00001111 00001010 01
00001010 00000101 00001111 00001010 10
00001010 00000101 00001111 00001010 11
00001010 00000101 00001111 00001111 00
00001010 00000101 00001111 00001111 01
00001010 00000101 00001111 00001111 10
00001010 00000101 00001111 00001111 11
00001010 00001010 00000000 00000000 00
00001010 00001010 00000000 00000000 01
00001010 00001010 00000000 00000000 10
00001010 00001010 00000000 00000000 11
00001010 00001010 00000000 00000101 00
00001010 00001010 00000000 00000101 01
00001010 00001010 00000000 00000101 10
00001010 00001010 00000000 00000101 11
00001010 00001010 00000000 00001010 00
00001010 00001010 00000000 00001010 01
00001010 00001010 00000000 00001010 10
00001010 00001010 00000000 00001010 11
00001010 00001010 00000000 00001111 00
00001010 00001010 00000000 00001111 01
00001010 00001010 00000000 00001111 10
00001010 00001010 00000000 00001111 11
00001010 00001010 00000101 00000000 00
00001010 00001010 00000101 00000000 01
00001010 00001010 00000101 00000000 10
00001010 00001010 00000101 00000000 11
00001010 00001010 00000101 00000101 00
00001010 00001010 00000101 00000101 01
00001010 00001010 00000101 00000101 10
00001010 00001010 00000101 00000101 11
00001010 00001010 00000101 00001010 00
00001010 00001010 00000101 00001010 01
00001010 00001010 00000101 00001010 10
00001010 00001010 00000101 00001010 11
00001010 00001010 00000101 00001111 00
00001010 00001010 00000101 00001111 01
00001010 00001010 00000101 00001111 10
00001010 00001010 00000101 00001111 11
00001010 00001010 00001010 00000000 00
00001010 00001010 00001010 00000000 01
00001010 00001010 00001010 00000000 10
00001010 00001010 00001010 00000000 11
00001010 00001010 00001010 00000101 00
00001010 00001010 00001010 00000101 01
00001010 00001010 00001010 00000101 10
00001010 00001010 00001010 00000101 11
00001010 00001010 00001010 00001010 00
00001010 00001010 00001010 00001010 01
00001010 00001010 00001010 00001010 10
00001010 00001010 00001010 00001010 11
00001010 00001010 00001010 00001111 00
00001010 00001010 00001010 00001111 01
00001010 00001010 00001010 00001111 10
00001010 00001010 00001010 00001111 11
00001010 00001010 00001111 00000000 00
00001010 00001010 00001111 00000000 01
00001010 00001010 00001111 00000000 10
00001010 00001010 00001111 00000000 11
00001010 00001010 00001111 00000101 00
00001010 00001010 00001111 00000101 01
00001010 00001010 00001111 00000101 10
00001010 00001010 00001111 00000101 11
00001010 00001010 00001111 00001010 00
00001010 00001010 00001111 00001010 01
00001010 00001010 00001111 00001010 10
00001010 00001010 00001111 00001010 11
00001010 00001010 00001111 00001111 00
00001010 00001010 00001111 00001111 01
00001010 00001010 00001111 00001111 10
00001010 00001010 00001111 00001111 11
00001010 00001111 00000000 00000000 00
00001010 00001111 00000000 00000000 01
00001010 00001111 00000000 00000000 10
00001010 00001111 00000000 00000000 11
00001010 00001111 00000000 00000101 00
00001010 00001111 00000000 00000101 01
00001010 00001111 00000000 00000101 10
00001010 00001111 00000000 00000101 11
00001010 00001111 00000000 00001010 00
00001010 00001111 00000000 00001010 01
00001010 00001111 00000000 00001010 10
00001010 00001111 00000000 00001010 11
00001010 00001111 00000000 00001111 00
00001010 00001111 00000000 00001111 01
00001010 00001111 00000000 00001111 10
00001010 00001111 00000000 00001111 11
00001010 00001111 00000101 00000000 00
00001010 00001111 00000101 00000000 01
00001010 00001111 00000101 00000000 10
00001010 00001111 00000101 00000000 11
00001010 00001111 00000101 00000101 00
00001010 00001111 00000101 00000101 01
00001010 00001111 00000101 00000101 10
00001010 00001111 00000101 00000101 11
00001010 00001111 00000101 00001010 00
00001010 00001111 00000101 00001010 01
00001010 00001111 00000101 00001010 10
00001010 00001111 00000101 00001010 11
00001010 00001111 00000101 00001111 00
00001010 00001111 00000101 00001111 01
00001010 00001111 00000101 00001111 10
00001010 00001111 00000101 00001111 11
00001010 00001111 00001010 00000000 00
00001010 00001111 00001010 00000000 01
00001010 00001111 00001010 00000000 10
00001010 00001111 00001010 00000000 11
00001010 00001111 00001010 00000101 00
00001010 00001111 00001010 00000101 01
00001010 00001111 00001010 00000101 10
00001010 00001111 00001010 00000101 11
00001010 00001111 00001010 00001010 00
00001010 00001111 00001010 00001010 01
00001010 00001111 00001010 00001010 10
00001010 00001111 00001010 00001010 11
00001010 00001111 00001010 00001111 00
00001010 00001111 00001010 00001111 01
00001010 00001111 00001010 00001111 10
00001010 00001111 00001010 00001111 11
00001010 00001111 00001111 00000000 00
00001010 00001111 00001111 00000000 01
00001010 00001111 00001111 00000000 10
00001010 00001111 00001111 00000000 11
00001010 00001111 00001111 00000101 00
00001010 00001111 00001111 00000101 01
00001010 00001111 00001111 00000101 10
00001010 00001111 00001111 00000101 11
00001010 00001111 00001111 00001010 00
00001010 00001111 00001111 00001010 01
00001010 00001111 00001111 00001010 10
00001010 00001111 00001111 00001010 11
00001010 00001111 00001111 00001111 00
00001010 00001111 00001111 00001111 01
00001010 00001111 00001111 00001111 10
00001010 00001111 00001111 00001111 11
00001111 00000000 00000000 00000000 00
00001111 00000000 00000000 00000000 01
00001111 00000000 00000000 00000000 10
00001111 00000000 00000000 00000000 11
00001111 00000000 00000000 00000101 00
00001111 00000000 00000000 00000101 01
00001111 00000000 00000000 00000101 10
00001111 00000000 00000000 00000101 11
00001111 00000000 00000000 00001010 00
00001111 00000000 00000000 00001010 01
00001111 00000000 00000000 00001010 10
00001111 00000000 00000000 00001010 11
00001111 00000000 00000000 00001111 00
00001111 00000000 00000000 00001111 01
00001111 00000000 00000000 00001111 10
00001111 00000000 00000000 00001111 11
00001111 00000000 00000101 00000000 00
00001111 00000000 00000101 00000000 01
00001111 00000000 00000101 00000000 10
00001111 00000000 00000101 00000000 11
00001111 00000000 00000101 00000101 00
00001111 00000000 00000101 00000101 01
00001111 00000000 00000101 00000101 10
00001111 00000000 00000101 00000101 11
00001111 00000000 00000101 00001010 00
00001111 00000000 00000101 00001010 01
00001111 00000000 00000101 00001010 10
00001111 00000000 00000101 00001010 11
00001111 00000000 00000101 00001111 00
00001111 00000000 00000101 00001111 01
00001111 00000000 00000101 00001111 10
00001111 00000000 00000101 00001111 11
00001111 00000000 00001010 00000000 00
00001111 00000000 00001010 00000000 01
00001111 00000000 00001010 00000000 10
00001111 00000000 00001010 00000000 11
00001111 00000000 00001010 00000101 00
00001111 00000000 00001010 00000101 01
00001111 00000000 00001010 00000101 10
00001111 00000000 00001010 00000101 11
00001111 00000000 00001010 00001010 00
00001111 00000000 00001010 00001010 01
00001111 00000000 00001010 00001010 10
00001111 00000000 00001010 00001010 11
00001111 00000000 00001010 00001111 00
00001111 00000000 00001010 00001111 01
00001111 00000000 00001010 00001111 10
00001111 00000000 00001010 00001111 11
00001111 00000000 00001111 00000000 00
00001111 00000000 00001111 00000000 01
00001111 00000000 00001111 00000000 10
00001111 00000000 00001111 00000000 11
00001111 00000000 00001111 00000101 00
00001111 00000000 00001111 00000101 01
00001111 00000000 00001111 00000101 10
00001111 00000000 00001111 00000101 11
00001111 00000000 00001111 00001010 00
00001111 00000000 00001111 00001010 01
00001111 00000000 00001111 00001010 10
00001111 00000000 00001111 00001010 11
00001111 00000000 00001111 00001111 00
00001111 00000000 00001111 00001111 01
00001111 00000000 00001111 00001111 10
00001111 00000000 00001111 00001111 11
00001111 00000101 00000000 00000000 00
00001111 00000101 00000000 00000000 01
00001111 00000101 00000000 00000000 10
00001111 00000101 00000000 00000000 11
00001111 00000101 00000000 00000101 00
00001111 00000101 00000000 00000101 01
00001111 00000101 00000000 00000101 10
00001111 00000101 00000000 00000101 11
00001111 00000101 00000000 00001010 00
00001111 00000101 00000000 00001010 01
00001111 00000101 00000000 00001010 10
00001111 00000101 00000000 00001010 11
00001111 00000101 00000000 00001111 00
00001111 00000101 00000000 00001111 01
00001111 00000101 00000000 00001111 10
00001111 00000101 00000000 00001111 11
00001111 00000101 00000101 00000000 00
00001111 00000101 00000101 00000000 01
00001111 00000101 00000101 00000000 10
00001111 00000101 00000101 00000000 11
00001111 00000101 00000101 00000101 00
00001111 00000101 00000101 00000101 01
00001111 00000101 00000101 00000101 10
00001111 00000101 00000101 00000101 11
00001111 00000101 00000101 00001010 00
00001111 00000101 00000101 00001010 01
00001111 00000101 00000101 00001010 10
00001111 00000101 00000101 00001010 11
00001111 00000101 00000101 00001111 00
00001111 00000101 00000101 00001111 01
00001111 00000101 00000101 00001111 10
00001111 00000101 00000101 00001111 11
00001111 00000101 00001010 00000000 00
00001111 00000101 00001010 00000000 01
00001111 00000101 00001010 00000000 10
00001111 00000101 00001010 00000000 11
00001111 00000101 00001010 00000101 00
00001111 00000101 00001010 00000101 01
00001111 00000101 00001010 00000101 10
00001111 00000101 00001010 00000101 11
00001111 00000101 00001010 00001010 00
00001111 00000101 00001010 00001010 01
00001111 00000101 00001010 00001010 10
00001111 00000101 00001010 00001010 11
00001111 00000101 00001010 00001111 00
00001111 00000101 00001010 00001111 01
00001111 00000101 00001010 00001111 10
00001111 00000101 00001010 00001111 11
00001111 00000101 00001111 00000000 00
00001111 00000101 00001111 00000000 01
00001111 00000101 00001111 00000000 10
00001111 00000101 00001111 00000000 11
00001111 00000101 00001111 00000101 00
00001111 00000101 00001111 00000101 01
00001111 00000101 00001111 00000101 10
00001111 00000101 00001111 00000101 11
00001111 00000101 00001111 00001010 00
00001111 00000101 00001111 00001010 01
00001111 00000101 00001111 00001010 10
00001111 00000101 00001111 00001010 11
00001111 00000101 00001111 00001111 00
00001111 00000101 00001111 00001111 01
00001111 00000101 00001111 00001111 10
00001111 00000101 00001111 00001111 11
00001111 00001010 00000000 00000000 00
00001111 00001010 00000000 00000000 01
00001111 00001010 00000000 00000000 10
00001111 00001010 00000000 00000000 11
00001111 00001010 00000000 00000101 00
00001111 00001010 00000000 00000101 01
00001111 00001010 00000000 00000101 10
00001111 00001010 00000000 00000101 11
00001111 00001010 00000000 00001010 00
00001111 00001010 00000000 00001010 01
00001111 00001010 00000000 00001010 10
00001111 00001010 00000000 00001010 11
00001111 00001010 00000000 00001111 00
00001111 00001010 00000000 00001111 01
00001111 00001010 00000000 00001111 10
00001111 00001010 00000000 00001111 11
00001111 00001010 00000101 00000000 00
00001111 00001010 00000101 00000000 01
00001111 00001010 00000101 00000000 10
00001111 00001010 00000101 00000000 11
00001111 00001010 00000101 00000101 00
00001111 00001010 00000101 00000101 01
00001111 00001010 00000101 00000101 10
00001111 00001010 00000101 00000101 11
00001111 00001010 00000101 00001010 00
00001111 00001010 00000101 00001010 01
00001111 00001010 00000101 00001010 10
00001111 00001010 00000101 00001010 11
00001111 00001010 00000101 00001111 00
00001111 00001010 00000101 00001111 01
00001111 00001010 00000101 00001111 10
00001111 00001010 00000101 00001111 11
00001111 00001010 00001010 00000000 00
00001111 00001010 00001010 00000000 01
00001111 00001010 00001010 00000000 10
00001111 00001010 00001010 00000000 11
00001111 00001010 00001010 00000101 00
00001111 00001010 00001010 00000101 01
00001111 00001010 00001010 00000101 10
00001111 00001010 00001010 00000101 11
00001111 00001010 00001010 00001010 00
00001111 00001010 00001010 00001010 01
00001111 00001010 00001010 00001010 10
00001111 00001010 00001010 00001010 11
00001111 00001010 00001010 00001111 00
00001111 00001010 00001010 00001111 01
00001111 00001010 00001010 00001111 10
00001111 00001010 00001010 00001111 11
00001111 00001010 00001111 00000000 00
00001111 00001010 00001111 00000000 01
00001111 00001010 00001111 00000000 10
00001111 00001010 00001111 00000000 11
00001111 00001010 00001111 00000101 00
00001111 00001010 00001111 00000101 01
00001111 00001010 00001111 00000101 10
00001111 00001010 00001111 00000101 11
00001111 00001010 00001111 00001010 00
00001111 00001010 00001111 00001010 01
00001111 00001010 00001111 00001010 10
00001111 00001010 00001111 00001010 11
00001111 00001010 00001111 00001111 00
00001111 00001010 00001111 00001111 01
00001111 00001010 00001111 00001111 10
00001111 00001010 00001111 00001111 11
00001111 00001111 00000000 00000000 00
00001111 00001111 00000000 00000000 01
00001111 00001111 00000000 00000000 10
00001111 00001111 00000000 00000000 11
00001111 00001111 00000000 00000101 00
00001111 00001111 00000000 00000101 01
00001111 00001111 00000000 00000101 10
00001111 00001111 00000000 00000101 11
00001111 00001111 00000000 00001010 00
00001111 00001111 00000000 00001010 01
00001111 00001111 00000000 00001010 10
00001111 00001111 00000000 00001010 11
00001111 00001111 00000000 00001111 00
00001111 00001111 00000000 00001111 01
00001111 00001111 00000000 00001111 10
00001111 00001111 00000000 00001111 11
00001111 00001111 00000101 00000000 00
00001111 00001111 00000101 00000000 01
00001111 00001111 00000101 00000000 10
00001111 00001111 00000101 00000000 11
00001111 00001111 00000101 00000101 00
00001111 00001111 00000101 00000101 01
00001111 00001111 00000101 00000101 10
00001111 00001111 00000101 00000101 11
00001111 00001111 00000101 00001010 00
00001111 00001111 00000101 00001010 01
00001111 00001111 00000101 00001010 10
00001111 00001111 00000101 00001010 11
00001111 00001111 00000101 00001111 00
00001111 00001111 00000101 00001111 01
00001111 00001111 00000101 00001111 10
00001111 00001111 00000101 00001111 11
00001111 00001111 00001010 00000000 00
00001111 00001111 00001010 00000000 01
00001111 00001111 00001010 00000000 10
00001111 00001111 00001010 00000000 11
00001111 00001111 00001010 00000101 00
00001111 00001111 00001010 00000101 01
00001111 00001111 00001010 00000101 10
00001111 00001111 00001010 00000101 11
00001111 00001111 00001010 00001010 00
00001111 00001111 00001010 00001010 01
00001111 00001111 00001010 00001010 10
00001111 00001111 00001010 00001010 11
00001111 00001111 00001010 00001111 00
00001111 00001111 00001010 00001111 01
00001111 00001111 00001010 00001111 10
00001111 00001111 00001010 00001111 11
00001111 00001111 00001111 00000000 00
00001111 00001111 00001111 00000000 01
00001111 00001111 00001111 00000000 10
00001111 00001111 00001111 00000000 11
00001111 00001111 00001111 00000101 00
00001111 00001111 00001111 00000101 01
00001111 00001111 00001111 00000101 10
00001111 00001111 00001111 00000101 11
00001111 00001111 00001111 00001010 00
00001111 00001111 00001111 00001010 01
00001111 00001111 00001111 00001010 10
00001111 00001111 00001111 00001010 11
00001111 00001111 00001111 00001111 00
00001111 00001111 00001111 00001111 01
00001111 00001111 00001111 00001111 10
00001111 00001111 00001111 00001111 11
