XXXXXXXX
00000000
00000000
00000000
00000000
00000000
00000000
00000000
00000000
00000001
00000000
00000000
00000000
00000000
00000000
00000000
00000000
00000010
00000001
00000000
00000000
00000000
00000000
00000000
00000000
00000011
00000001
00000000
00000000
00000000
00000000
00000000
00000000
00000100
00000010
00000001
00000000
00000000
00000000
00000000
00000000
00000101
00000010
00000001
00000000
00000000
00000000
00000000
00000000
00000110
00000011
00000001
00000000
00000000
00000000
00000000
00000000
00000111
00000011
00000001
00000000
00000000
00000000
00000000
00000000
00001000
00000100
00000010
00000001
00000000
00000000
00000000
00000000
00001001
00000100
00000010
00000001
00000000
00000000
00000000
00000000
00001010
00000101
00000010
00000001
00000000
00000000
00000000
00000000
00001011
00000101
00000010
00000001
00000000
00000000
00000000
00000000
00001100
00000110
00000011
00000001
00000000
00000000
00000000
00000000
00001101
00000110
00000011
00000001
00000000
00000000
00000000
00000000
00001110
00000111
00000011
00000001
00000000
00000000
00000000
00000000
00001111
00000111
00000011
00000001
00000000
00000000
00000000
00000000
00010000
00001000
00000100
00000010
00000001
00000000
00000000
00000000
00010001
00001000
00000100
00000010
00000001
00000000
00000000
00000000
00010010
00001001
00000100
00000010
00000001
00000000
00000000
00000000
00010011
00001001
00000100
00000010
00000001
00000000
00000000
00000000
00010100
00001010
00000101
00000010
00000001
00000000
00000000
00000000
00010101
00001010
00000101
00000010
00000001
00000000
00000000
00000000
00010110
00001011
00000101
00000010
00000001
00000000
00000000
00000000
00010111
00001011
00000101
00000010
00000001
00000000
00000000
00000000
00011000
00001100
00000110
00000011
00000001
00000000
00000000
00000000
00011001
00001100
00000110
00000011
00000001
00000000
00000000
00000000
00011010
00001101
00000110
00000011
00000001
00000000
00000000
00000000
00011011
00001101
00000110
00000011
00000001
00000000
00000000
00000000
00011100
00001110
00000111
00000011
00000001
00000000
00000000
00000000
00011101
00001110
00000111
00000011
00000001
00000000
00000000
00000000
00011110
00001111
00000111
00000011
00000001
00000000
00000000
00000000
00011111
00001111
00000111
00000011
00000001
00000000
00000000
00000000
00100000
00010000
00001000
00000100
00000010
00000001
00000000
00000000
00100001
00010000
00001000
00000100
00000010
00000001
00000000
00000000
00100010
00010001
00001000
00000100
00000010
00000001
00000000
00000000
00100011
00010001
00001000
00000100
00000010
00000001
00000000
00000000
00100100
00010010
00001001
00000100
00000010
00000001
00000000
00000000
00100101
00010010
00001001
00000100
00000010
00000001
00000000
00000000
00100110
00010011
00001001
00000100
00000010
00000001
00000000
00000000
00100111
00010011
00001001
00000100
00000010
00000001
00000000
00000000
00101000
00010100
00001010
00000101
00000010
00000001
00000000
00000000
00101001
00010100
00001010
00000101
00000010
00000001
00000000
00000000
00101010
00010101
00001010
00000101
00000010
00000001
00000000
00000000
00101011
00010101
00001010
00000101
00000010
00000001
00000000
00000000
00101100
00010110
00001011
00000101
00000010
00000001
00000000
00000000
00101101
00010110
00001011
00000101
00000010
00000001
00000000
00000000
00101110
00010111
00001011
00000101
00000010
00000001
00000000
00000000
00101111
00010111
00001011
00000101
00000010
00000001
00000000
00000000
00110000
00011000
00001100
00000110
00000011
00000001
00000000
00000000
00110001
00011000
00001100
00000110
00000011
00000001
00000000
00000000
00110010
00011001
00001100
00000110
00000011
00000001
00000000
00000000
00110011
00011001
00001100
00000110
00000011
00000001
00000000
00000000
00110100
00011010
00001101
00000110
00000011
00000001
00000000
00000000
00110101
00011010
00001101
00000110
00000011
00000001
00000000
00000000
00110110
00011011
00001101
00000110
00000011
00000001
00000000
00000000
00110111
00011011
00001101
00000110
00000011
00000001
00000000
00000000
00111000
00011100
00001110
00000111
00000011
00000001
00000000
00000000
00111001
00011100
00001110
00000111
00000011
00000001
00000000
00000000
00111010
00011101
00001110
00000111
00000011
00000001
00000000
00000000
00111011
00011101
00001110
00000111
00000011
00000001
00000000
00000000
00111100
00011110
00001111
00000111
00000011
00000001
00000000
00000000
00111101
00011110
00001111
00000111
00000011
00000001
00000000
00000000
00111110
00011111
00001111
00000111
00000011
00000001
00000000
00000000
00111111
00011111
00001111
00000111
00000011
00000001
00000000
00000000
01000000
00100000
00010000
00001000
00000100
00000010
00000001
00000000
01000001
00100000
00010000
00001000
00000100
00000010
00000001
00000000
01000010
00100001
00010000
00001000
00000100
00000010
00000001
00000000
01000011
00100001
00010000
00001000
00000100
00000010
00000001
00000000
01000100
00100010
00010001
00001000
00000100
00000010
00000001
00000000
01000101
00100010
00010001
00001000
00000100
00000010
00000001
00000000
01000110
00100011
00010001
00001000
00000100
00000010
00000001
00000000
01000111
00100011
00010001
00001000
00000100
00000010
00000001
00000000
01001000
00100100
00010010
00001001
00000100
00000010
00000001
00000000
01001001
00100100
00010010
00001001
00000100
00000010
00000001
00000000
01001010
00100101
00010010
00001001
00000100
00000010
00000001
00000000
01001011
00100101
00010010
00001001
00000100
00000010
00000001
00000000
01001100
00100110
00010011
00001001
00000100
00000010
00000001
00000000
01001101
00100110
00010011
00001001
00000100
00000010
00000001
00000000
01001110
00100111
00010011
00001001
00000100
00000010
00000001
00000000
01001111
00100111
00010011
00001001
00000100
00000010
00000001
00000000
01010000
00101000
00010100
00001010
00000101
00000010
00000001
00000000
01010001
00101000
00010100
00001010
00000101
00000010
00000001
00000000
01010010
00101001
00010100
00001010
00000101
00000010
00000001
00000000
01010011
00101001
00010100
00001010
00000101
00000010
00000001
00000000
01010100
00101010
00010101
00001010
00000101
00000010
00000001
00000000
01010101
00101010
00010101
00001010
00000101
00000010
00000001
00000000
01010110
00101011
00010101
00001010
00000101
00000010
00000001
00000000
01010111
00101011
00010101
00001010
00000101
00000010
00000001
00000000
01011000
00101100
00010110
00001011
00000101
00000010
00000001
00000000
01011001
00101100
00010110
00001011
00000101
00000010
00000001
00000000
01011010
00101101
00010110
00001011
00000101
00000010
00000001
00000000
01011011
00101101
00010110
00001011
00000101
00000010
00000001
00000000
01011100
00101110
00010111
00001011
00000101
00000010
00000001
00000000
01011101
00101110
00010111
00001011
00000101
00000010
00000001
00000000
01011110
00101111
00010111
00001011
00000101
00000010
00000001
00000000
01011111
00101111
00010111
00001011
00000101
00000010
00000001
00000000
01100000
00110000
00011000
00001100
00000110
00000011
00000001
00000000
01100001
00110000
00011000
00001100
00000110
00000011
00000001
00000000
01100010
00110001
00011000
00001100
00000110
00000011
00000001
00000000
01100011
00110001
00011000
00001100
00000110
00000011
00000001
00000000
01100100
00110010
00011001
00001100
00000110
00000011
00000001
00000000
01100101
00110010
00011001
00001100
00000110
00000011
00000001
00000000
01100110
00110011
00011001
00001100
00000110
00000011
00000001
00000000
01100111
00110011
00011001
00001100
00000110
00000011
00000001
00000000
01101000
00110100
00011010
00001101
00000110
00000011
00000001
00000000
01101001
00110100
00011010
00001101
00000110
00000011
00000001
00000000
01101010
00110101
00011010
00001101
00000110
00000011
00000001
00000000
01101011
00110101
00011010
00001101
00000110
00000011
00000001
00000000
01101100
00110110
00011011
00001101
00000110
00000011
00000001
00000000
01101101
00110110
00011011
00001101
00000110
00000011
00000001
00000000
01101110
00110111
00011011
00001101
00000110
00000011
00000001
00000000
01101111
00110111
00011011
00001101
00000110
00000011
00000001
00000000
01110000
00111000
00011100
00001110
00000111
00000011
00000001
00000000
01110001
00111000
00011100
00001110
00000111
00000011
00000001
00000000
01110010
00111001
00011100
00001110
00000111
00000011
00000001
00000000
01110011
00111001
00011100
00001110
00000111
00000011
00000001
00000000
01110100
00111010
00011101
00001110
00000111
00000011
00000001
00000000
01110101
00111010
00011101
00001110
00000111
00000011
00000001
00000000
01110110
00111011
00011101
00001110
00000111
00000011
00000001
00000000
01110111
00111011
00011101
00001110
00000111
00000011
00000001
00000000
01111000
00111100
00011110
00001111
00000111
00000011
00000001
00000000
01111001
00111100
00011110
00001111
00000111
00000011
00000001
00000000
01111010
00111101
00011110
00001111
00000111
00000011
00000001
00000000
01111011
00111101
00011110
00001111
00000111
00000011
00000001
00000000
01111100
00111110
00011111
00001111
00000111
00000011
00000001
00000000
01111101
00111110
00011111
00001111
00000111
00000011
00000001
00000000
01111110
00111111
00011111
00001111
00000111
00000011
00000001
00000000
01111111
00111111
00011111
00001111
00000111
00000011
00000001
00000000
10000000
01000000
00100000
00010000
00001000
00000100
00000010
00000001
10000001
01000000
00100000
00010000
00001000
00000100
00000010
00000001
10000010
01000001
00100000
00010000
00001000
00000100
00000010
00000001
10000011
01000001
00100000
00010000
00001000
00000100
00000010
00000001
10000100
01000010
00100001
00010000
00001000
00000100
00000010
00000001
10000101
01000010
00100001
00010000
00001000
00000100
00000010
00000001
10000110
01000011
00100001
00010000
00001000
00000100
00000010
00000001
10000111
01000011
00100001
00010000
00001000
00000100
00000010
00000001
10001000
01000100
00100010
00010001
00001000
00000100
00000010
00000001
10001001
01000100
00100010
00010001
00001000
00000100
00000010
00000001
10001010
01000101
00100010
00010001
00001000
00000100
00000010
00000001
10001011
01000101
00100010
00010001
00001000
00000100
00000010
00000001
10001100
01000110
00100011
00010001
00001000
00000100
00000010
00000001
10001101
01000110
00100011
00010001
00001000
00000100
00000010
00000001
10001110
01000111
00100011
00010001
00001000
00000100
00000010
00000001
10001111
01000111
00100011
00010001
00001000
00000100
00000010
00000001
10010000
01001000
00100100
00010010
00001001
00000100
00000010
00000001
10010001
01001000
00100100
00010010
00001001
00000100
00000010
00000001
10010010
01001001
00100100
00010010
00001001
00000100
00000010
00000001
10010011
01001001
00100100
00010010
00001001
00000100
00000010
00000001
10010100
01001010
00100101
00010010
00001001
00000100
00000010
00000001
10010101
01001010
00100101
00010010
00001001
00000100
00000010
00000001
10010110
01001011
00100101
00010010
00001001
00000100
00000010
00000001
10010111
01001011
00100101
00010010
00001001
00000100
00000010
00000001
10011000
01001100
00100110
00010011
00001001
00000100
00000010
00000001
10011001
01001100
00100110
00010011
00001001
00000100
00000010
00000001
10011010
01001101
00100110
00010011
00001001
00000100
00000010
00000001
10011011
01001101
00100110
00010011
00001001
00000100
00000010
00000001
10011100
01001110
00100111
00010011
00001001
00000100
00000010
00000001
10011101
01001110
00100111
00010011
00001001
00000100
00000010
00000001
10011110
01001111
00100111
00010011
00001001
00000100
00000010
00000001
10011111
01001111
00100111
00010011
00001001
00000100
00000010
00000001
10100000
01010000
00101000
00010100
00001010
00000101
00000010
00000001
10100001
01010000
00101000
00010100
00001010
00000101
00000010
00000001
10100010
01010001
00101000
00010100
00001010
00000101
00000010
00000001
10100011
01010001
00101000
00010100
00001010
00000101
00000010
00000001
10100100
01010010
00101001
00010100
00001010
00000101
00000010
00000001
10100101
01010010
00101001
00010100
00001010
00000101
00000010
00000001
10100110
01010011
00101001
00010100
00001010
00000101
00000010
00000001
10100111
01010011
00101001
00010100
00001010
00000101
00000010
00000001
10101000
01010100
00101010
00010101
00001010
00000101
00000010
00000001
10101001
01010100
00101010
00010101
00001010
00000101
00000010
00000001
10101010
01010101
00101010
00010101
00001010
00000101
00000010
00000001
10101011
01010101
00101010
00010101
00001010
00000101
00000010
00000001
10101100
01010110
00101011
00010101
00001010
00000101
00000010
00000001
10101101
01010110
00101011
00010101
00001010
00000101
00000010
00000001
10101110
01010111
00101011
00010101
00001010
00000101
00000010
00000001
10101111
01010111
00101011
00010101
00001010
00000101
00000010
00000001
10110000
01011000
00101100
00010110
00001011
00000101
00000010
00000001
10110001
01011000
00101100
00010110
00001011
00000101
00000010
00000001
10110010
01011001
00101100
00010110
00001011
00000101
00000010
00000001
10110011
01011001
00101100
00010110
00001011
00000101
00000010
00000001
10110100
01011010
00101101
00010110
00001011
00000101
00000010
00000001
10110101
01011010
00101101
00010110
00001011
00000101
00000010
00000001
10110110
01011011
00101101
00010110
00001011
00000101
00000010
00000001
10110111
01011011
00101101
00010110
00001011
00000101
00000010
00000001
10111000
01011100
00101110
00010111
00001011
00000101
00000010
00000001
10111001
01011100
00101110
00010111
00001011
00000101
00000010
00000001
10111010
01011101
00101110
00010111
00001011
00000101
00000010
00000001
10111011
01011101
00101110
00010111
00001011
00000101
00000010
00000001
10111100
01011110
00101111
00010111
00001011
00000101
00000010
00000001
10111101
01011110
00101111
00010111
00001011
00000101
00000010
00000001
10111110
01011111
00101111
00010111
00001011
00000101
00000010
00000001
10111111
01011111
00101111
00010111
00001011
00000101
00000010
00000001
11000000
01100000
00110000
00011000
00001100
00000110
00000011
00000001
11000001
01100000
00110000
00011000
00001100
00000110
00000011
00000001
11000010
01100001
00110000
00011000
00001100
00000110
00000011
00000001
11000011
01100001
00110000
00011000
00001100
00000110
00000011
00000001
11000100
01100010
00110001
00011000
00001100
00000110
00000011
00000001
11000101
01100010
00110001
00011000
00001100
00000110
00000011
00000001
11000110
01100011
00110001
00011000
00001100
00000110
00000011
00000001
11000111
01100011
00110001
00011000
00001100
00000110
00000011
00000001
11001000
01100100
00110010
00011001
00001100
00000110
00000011
00000001
11001001
01100100
00110010
00011001
00001100
00000110
00000011
00000001
11001010
01100101
00110010
00011001
00001100
00000110
00000011
00000001
11001011
01100101
00110010
00011001
00001100
00000110
00000011
00000001
11001100
01100110
00110011
00011001
00001100
00000110
00000011
00000001
11001101
01100110
00110011
00011001
00001100
00000110
00000011
00000001
11001110
01100111
00110011
00011001
00001100
00000110
00000011
00000001
11001111
01100111
00110011
00011001
00001100
00000110
00000011
00000001
11010000
01101000
00110100
00011010
00001101
00000110
00000011
00000001
11010001
01101000
00110100
00011010
00001101
00000110
00000011
00000001
11010010
01101001
00110100
00011010
00001101
00000110
00000011
00000001
11010011
01101001
00110100
00011010
00001101
00000110
00000011
00000001
11010100
01101010
00110101
00011010
00001101
00000110
00000011
00000001
11010101
01101010
00110101
00011010
00001101
00000110
00000011
00000001
11010110
01101011
00110101
00011010
00001101
00000110
00000011
00000001
11010111
01101011
00110101
00011010
00001101
00000110
00000011
00000001
11011000
01101100
00110110
00011011
00001101
00000110
00000011
00000001
11011001
01101100
00110110
00011011
00001101
00000110
00000011
00000001
11011010
01101101
00110110
00011011
00001101
00000110
00000011
00000001
11011011
01101101
00110110
00011011
00001101
00000110
00000011
00000001
11011100
01101110
00110111
00011011
00001101
00000110
00000011
00000001
11011101
01101110
00110111
00011011
00001101
00000110
00000011
00000001
11011110
01101111
00110111
00011011
00001101
00000110
00000011
00000001
11011111
01101111
00110111
00011011
00001101
00000110
00000011
00000001
11100000
01110000
00111000
00011100
00001110
00000111
00000011
00000001
11100001
01110000
00111000
00011100
00001110
00000111
00000011
00000001
11100010
01110001
00111000
00011100
00001110
00000111
00000011
00000001
11100011
01110001
00111000
00011100
00001110
00000111
00000011
00000001
11100100
01110010
00111001
00011100
00001110
00000111
00000011
00000001
11100101
01110010
00111001
00011100
00001110
00000111
00000011
00000001
11100110
01110011
00111001
00011100
00001110
00000111
00000011
00000001
11100111
01110011
00111001
00011100
00001110
00000111
00000011
00000001
11101000
01110100
00111010
00011101
00001110
00000111
00000011
00000001
11101001
01110100
00111010
00011101
00001110
00000111
00000011
00000001
11101010
01110101
00111010
00011101
00001110
00000111
00000011
00000001
11101011
01110101
00111010
00011101
00001110
00000111
00000011
00000001
11101100
01110110
00111011
00011101
00001110
00000111
00000011
00000001
11101101
01110110
00111011
00011101
00001110
00000111
00000011
00000001
11101110
01110111
00111011
00011101
00001110
00000111
00000011
00000001
11101111
01110111
00111011
00011101
00001110
00000111
00000011
00000001
11110000
01111000
00111100
00011110
00001111
00000111
00000011
00000001
11110001
01111000
00111100
00011110
00001111
00000111
00000011
00000001
11110010
01111001
00111100
00011110
00001111
00000111
00000011
00000001
11110011
01111001
00111100
00011110
00001111
00000111
00000011
00000001
11110100
01111010
00111101
00011110
00001111
00000111
00000011
00000001
11110101
01111010
00111101
00011110
00001111
00000111
00000011
00000001
11110110
01111011
00111101
00011110
00001111
00000111
00000011
00000001
11110111
01111011
00111101
00011110
00001111
00000111
00000011
00000001
11111000
01111100
00111110
00011111
00001111
00000111
00000011
00000001
11111001
01111100
00111110
00011111
00001111
00000111
00000011
00000001
11111010
01111101
00111110
00011111
00001111
00000111
00000011
00000001
11111011
01111101
00111110
00011111
00001111
00000111
00000011
00000001
11111100
01111110
00111111
00011111
00001111
00000111
00000011
00000001
11111101
01111110
00111111
00011111
00001111
00000111
00000011
00000001
11111110
01111111
00111111
00011111
00001111
00000111
00000011
00000001
11111111
01111111
00111111
00011111
00001111
00000111
00000011
00000001
.
