XXXXXXXX
00000000
00000000
00000001
00001000
00000010
00010000
00000011
00011000
00000100
00100000
00000101
00101000
00000110
00110000
00000111
00111000
00001000
01000000
00001001
01001000
00001010
01010000
00001011
01011000
00001100
01100000
00001101
01101000
00001110
01110000
00001111
01111000
00010000
10000000
00010001
10001000
00010010
10010000
00010011
10011000
00010100
10100000
00010101
10101000
00010110
10110000
00010111
10111000
00011000
11000000
00011001
11001000
00011010
11010000
00011011
11011000
00011100
11100000
00011101
11101000
00011110
11110000
00011111
11111000
00100000
00000000
00100001
00001000
00100010
00010000
00100011
00011000
00100100
00100000
00100101
00101000
00100110
00110000
00100111
00111000
00101000
01000000
00101001
01001000
00101010
01010000
00101011
01011000
00101100
01100000
00101101
01101000
00101110
01110000
00101111
01111000
00110000
10000000
00110001
10001000
00110010
10010000
00110011
10011000
00110100
10100000
00110101
10101000
00110110
10110000
00110111
10111000
00111000
11000000
00111001
11001000
00111010
11010000
00111011
11011000
00111100
11100000
00111101
11101000
00111110
11110000
00111111
11111000
01000000
00000000
01000001
00001000
01000010
00010000
01000011
00011000
01000100
00100000
01000101
00101000
01000110
00110000
01000111
00111000
01001000
01000000
01001001
01001000
01001010
01010000
01001011
01011000
01001100
01100000
01001101
01101000
01001110
01110000
01001111
01111000
01010000
10000000
01010001
10001000
01010010
10010000
01010011
10011000
01010100
10100000
01010101
10101000
01010110
10110000
01010111
10111000
01011000
11000000
01011001
11001000
01011010
11010000
01011011
11011000
01011100
11100000
01011101
11101000
01011110
11110000
01011111
11111000
01100000
00000000
01100001
00001000
01100010
00010000
01100011
00011000
01100100
00100000
01100101
00101000
01100110
00110000
01100111
00111000
01101000
01000000
01101001
01001000
01101010
01010000
01101011
01011000
01101100
01100000
01101101
01101000
01101110
01110000
01101111
01111000
01110000
10000000
01110001
10001000
01110010
10010000
01110011
10011000
01110100
10100000
01110101
10101000
01110110
10110000
01110111
10111000
01111000
11000000
01111001
11001000
01111010
11010000
01111011
11011000
01111100
11100000
01111101
11101000
01111110
11110000
01111111
11111000
10000000
00000000
10000001
00001000
10000010
00010000
10000011
00011000
10000100
00100000
10000101
00101000
10000110
00110000
10000111
00111000
10001000
01000000
10001001
01001000
10001010
01010000
10001011
01011000
10001100
01100000
10001101
01101000
10001110
01110000
10001111
01111000
10010000
10000000
10010001
10001000
10010010
10010000
10010011
10011000
10010100
10100000
10010101
10101000
10010110
10110000
10010111
10111000
10011000
11000000
10011001
11001000
10011010
11010000
10011011
11011000
10011100
11100000
10011101
11101000
10011110
11110000
10011111
11111000
10100000
00000000
10100001
00001000
10100010
00010000
10100011
00011000
10100100
00100000
10100101
00101000
10100110
00110000
10100111
00111000
10101000
01000000
10101001
01001000
10101010
01010000
10101011
01011000
10101100
01100000
10101101
01101000
10101110
01110000
10101111
01111000
10110000
10000000
10110001
10001000
10110010
10010000
10110011
10011000
10110100
10100000
10110101
10101000
10110110
10110000
10110111
10111000
10111000
11000000
10111001
11001000
10111010
11010000
10111011
11011000
10111100
11100000
10111101
11101000
10111110
11110000
10111111
11111000
11000000
00000000
11000001
00001000
11000010
00010000
11000011
00011000
11000100
00100000
11000101
00101000
11000110
00110000
11000111
00111000
11001000
01000000
11001001
01001000
11001010
01010000
11001011
01011000
11001100
01100000
11001101
01101000
11001110
01110000
11001111
01111000
11010000
10000000
11010001
10001000
11010010
10010000
11010011
10011000
11010100
10100000
11010101
10101000
11010110
10110000
11010111
10111000
11011000
11000000
11011001
11001000
11011010
11010000
11011011
11011000
11011100
11100000
11011101
11101000
11011110
11110000
11011111
11111000
11100000
00000000
11100001
00001000
11100010
00010000
11100011
00011000
11100100
00100000
11100101
00101000
11100110
00110000
11100111
00111000
11101000
01000000
11101001
01001000
11101010
01010000
11101011
01011000
11101100
01100000
11101101
01101000
11101110
01110000
11101111
01111000
11110000
10000000
11110001
10001000
11110010
10010000
11110011
10011000
11110100
10100000
11110101
10101000
11110110
10110000
11110111
10111000
11111000
11000000
11111001
11001000
11111010
11010000
11111011
11011000
11111100
11100000
11111101
11101000
11111110
11110000
11111111
11111000
.