XXXXXXXX
00000000
00000000
00000000
00000000
00000000
00000000
00000000
00000000
00000001
10000000
01000000
00100000
00010000
00001000
00000100
00000010
00000010
00000001
10000000
01000000
00100000
00010000
00001000
00000100
00000011
10000001
11000000
01100000
00110000
00011000
00001100
00000110
00000100
00000010
00000001
10000000
01000000
00100000
00010000
00001000
00000101
10000010
01000001
10100000
01010000
00101000
00010100
00001010
00000110
00000011
10000001
11000000
01100000
00110000
00011000
00001100
00000111
10000011
11000001
11100000
01110000
00111000
00011100
00001110
00001000
00000100
00000010
00000001
10000000
01000000
00100000
00010000
00001001
10000100
01000010
00100001
10010000
01001000
00100100
00010010
00001010
00000101
10000010
01000001
10100000
01010000
00101000
00010100
00001011
10000101
11000010
01100001
10110000
01011000
00101100
00010110
00001100
00000110
00000011
10000001
11000000
01100000
00110000
00011000
00001101
10000110
01000011
10100001
11010000
01101000
00110100
00011010
00001110
00000111
10000011
11000001
11100000
01110000
00111000
00011100
00001111
10000111
11000011
11100001
11110000
01111000
00111100
00011110
00010000
00001000
00000100
00000010
00000001
10000000
01000000
00100000
00010001
10001000
01000100
00100010
00010001
10001000
01000100
00100010
00010010
00001001
10000100
01000010
00100001
10010000
01001000
00100100
00010011
10001001
11000100
01100010
00110001
10011000
01001100
00100110
00010100
00001010
00000101
10000010
01000001
10100000
01010000
00101000
00010101
10001010
01000101
10100010
01010001
10101000
01010100
00101010
00010110
00001011
10000101
11000010
01100001
10110000
01011000
00101100
00010111
10001011
11000101
11100010
01110001
10111000
01011100
00101110
00011000
00001100
00000110
00000011
10000001
11000000
01100000
00110000
00011001
10001100
01000110
00100011
10010001
11001000
01100100
00110010
00011010
00001101
10000110
01000011
10100001
11010000
01101000
00110100
00011011
10001101
11000110
01100011
10110001
11011000
01101100
00110110
00011100
00001110
00000111
10000011
11000001
11100000
01110000
00111000
00011101
10001110
01000111
10100011
11010001
11101000
01110100
00111010
00011110
00001111
10000111
11000011
11100001
11110000
01111000
00111100
00011111
10001111
11000111
11100011
11110001
11111000
01111100
00111110
00100000
00010000
00001000
00000100
00000010
00000001
10000000
01000000
00100001
10010000
01001000
00100100
00010010
00001001
10000100
01000010
00100010
00010001
10001000
01000100
00100010
00010001
10001000
01000100
00100011
10010001
11001000
01100100
00110010
00011001
10001100
01000110
00100100
00010010
00001001
10000100
01000010
00100001
10010000
01001000
00100101
10010010
01001001
10100100
01010010
00101001
10010100
01001010
00100110
00010011
10001001
11000100
01100010
00110001
10011000
01001100
00100111
10010011
11001001
11100100
01110010
00111001
10011100
01001110
00101000
00010100
00001010
00000101
10000010
01000001
10100000
01010000
00101001
10010100
01001010
00100101
10010010
01001001
10100100
01010010
00101010
00010101
10001010
01000101
10100010
01010001
10101000
01010100
00101011
10010101
11001010
01100101
10110010
01011001
10101100
01010110
00101100
00010110
00001011
10000101
11000010
01100001
10110000
01011000
00101101
10010110
01001011
10100101
11010010
01101001
10110100
01011010
00101110
00010111
10001011
11000101
11100010
01110001
10111000
01011100
00101111
10010111
11001011
11100101
11110010
01111001
10111100
01011110
00110000
00011000
00001100
00000110
00000011
10000001
11000000
01100000
00110001
10011000
01001100
00100110
00010011
10001001
11000100
01100010
00110010
00011001
10001100
01000110
00100011
10010001
11001000
01100100
00110011
10011001
11001100
01100110
00110011
10011001
11001100
01100110
00110100
00011010
00001101
10000110
01000011
10100001
11010000
01101000
00110101
10011010
01001101
10100110
01010011
10101001
11010100
01101010
00110110
00011011
10001101
11000110
01100011
10110001
11011000
01101100
00110111
10011011
11001101
11100110
01110011
10111001
11011100
01101110
00111000
00011100
00001110
00000111
10000011
11000001
11100000
01110000
00111001
10011100
01001110
00100111
10010011
11001001
11100100
01110010
00111010
00011101
10001110
01000111
10100011
11010001
11101000
01110100
00111011
10011101
11001110
01100111
10110011
11011001
11101100
01110110
00111100
00011110
00001111
10000111
11000011
11100001
11110000
01111000
00111101
10011110
01001111
10100111
11010011
11101001
11110100
01111010
00111110
00011111
10001111
11000111
11100011
11110001
11111000
01111100
00111111
10011111
11001111
11100111
11110011
11111001
11111100
01111110
01000000
00100000
00010000
00001000
00000100
00000010
00000001
10000000
01000001
10100000
01010000
00101000
00010100
00001010
00000101
10000010
01000010
00100001
10010000
01001000
00100100
00010010
00001001
10000100
01000011
10100001
11010000
01101000
00110100
00011010
00001101
10000110
01000100
00100010
00010001
10001000
01000100
00100010
00010001
10001000
01000101
10100010
01010001
10101000
01010100
00101010
00010101
10001010
01000110
00100011
10010001
11001000
01100100
00110010
00011001
10001100
01000111
10100011
11010001
11101000
01110100
00111010
00011101
10001110
01001000
00100100
00010010
00001001
10000100
01000010
00100001
10010000
01001001
10100100
01010010
00101001
10010100
01001010
00100101
10010010
01001010
00100101
10010010
01001001
10100100
01010010
00101001
10010100
01001011
10100101
11010010
01101001
10110100
01011010
00101101
10010110
01001100
00100110
00010011
10001001
11000100
01100010
00110001
10011000
01001101
10100110
01010011
10101001
11010100
01101010
00110101
10011010
01001110
00100111
10010011
11001001
11100100
01110010
00111001
10011100
01001111
10100111
11010011
11101001
11110100
01111010
00111101
10011110
01010000
00101000
00010100
00001010
00000101
10000010
01000001
10100000
01010001
10101000
01010100
00101010
00010101
10001010
01000101
10100010
01010010
00101001
10010100
01001010
00100101
10010010
01001001
10100100
01010011
10101001
11010100
01101010
00110101
10011010
01001101
10100110
01010100
00101010
00010101
10001010
01000101
10100010
01010001
10101000
01010101
10101010
01010101
10101010
01010101
10101010
01010101
10101010
01010110
00101011
10010101
11001010
01100101
10110010
01011001
10101100
01010111
10101011
11010101
11101010
01110101
10111010
01011101
10101110
01011000
00101100
00010110
00001011
10000101
11000010
01100001
10110000
01011001
10101100
01010110
00101011
10010101
11001010
01100101
10110010
01011010
00101101
10010110
01001011
10100101
11010010
01101001
10110100
01011011
10101101
11010110
01101011
10110101
11011010
01101101
10110110
01011100
00101110
00010111
10001011
11000101
11100010
01110001
10111000
01011101
10101110
01010111
10101011
11010101
11101010
01110101
10111010
01011110
00101111
10010111
11001011
11100101
11110010
01111001
10111100
01011111
10101111
11010111
11101011
11110101
11111010
01111101
10111110
01100000
00110000
00011000
00001100
00000110
00000011
10000001
11000000
01100001
10110000
01011000
00101100
00010110
00001011
10000101
11000010
01100010
00110001
10011000
01001100
00100110
00010011
10001001
11000100
01100011
10110001
11011000
01101100
00110110
00011011
10001101
11000110
01100100
00110010
00011001
10001100
01000110
00100011
10010001
11001000
01100101
10110010
01011001
10101100
01010110
00101011
10010101
11001010
01100110
00110011
10011001
11001100
01100110
00110011
10011001
11001100
01100111
10110011
11011001
11101100
01110110
00111011
10011101
11001110
01101000
00110100
00011010
00001101
10000110
01000011
10100001
11010000
01101001
10110100
01011010
00101101
10010110
01001011
10100101
11010010
01101010
00110101
10011010
01001101
10100110
01010011
10101001
11010100
01101011
10110101
11011010
01101101
10110110
01011011
10101101
11010110
01101100
00110110
00011011
10001101
11000110
01100011
10110001
11011000
01101101
10110110
01011011
10101101
11010110
01101011
10110101
11011010
01101110
00110111
10011011
11001101
11100110
01110011
10111001
11011100
01101111
10110111
11011011
11101101
11110110
01111011
10111101
11011110
01110000
00111000
00011100
00001110
00000111
10000011
11000001
11100000
01110001
10111000
01011100
00101110
00010111
10001011
11000101
11100010
01110010
00111001
10011100
01001110
00100111
10010011
11001001
11100100
01110011
10111001
11011100
01101110
00110111
10011011
11001101
11100110
01110100
00111010
00011101
10001110
01000111
10100011
11010001
11101000
01110101
10111010
01011101
10101110
01010111
10101011
11010101
11101010
01110110
00111011
10011101
11001110
01100111
10110011
11011001
11101100
01110111
10111011
11011101
11101110
01110111
10111011
11011101
11101110
01111000
00111100
00011110
00001111
10000111
11000011
11100001
11110000
01111001
10111100
01011110
00101111
10010111
11001011
11100101
11110010
01111010
00111101
10011110
01001111
10100111
11010011
11101001
11110100
01111011
10111101
11011110
01101111
10110111
11011011
11101101
11110110
01111100
00111110
00011111
10001111
11000111
11100011
11110001
11111000
01111101
10111110
01011111
10101111
11010111
11101011
11110101
11111010
01111110
00111111
10011111
11001111
11100111
11110011
11111001
11111100
01111111
10111111
11011111
11101111
11110111
11111011
11111101
11111110
10000000
01000000
00100000
00010000
00001000
00000100
00000010
00000001
10000001
11000000
01100000
00110000
00011000
00001100
00000110
00000011
10000010
01000001
10100000
01010000
00101000
00010100
00001010
00000101
10000011
11000001
11100000
01110000
00111000
00011100
00001110
00000111
10000100
01000010
00100001
10010000
01001000
00100100
00010010
00001001
10000101
11000010
01100001
10110000
01011000
00101100
00010110
00001011
10000110
01000011
10100001
11010000
01101000
00110100
00011010
00001101
10000111
11000011
11100001
11110000
01111000
00111100
00011110
00001111
10001000
01000100
00100010
00010001
10001000
01000100
00100010
00010001
10001001
11000100
01100010
00110001
10011000
01001100
00100110
00010011
10001010
01000101
10100010
01010001
10101000
01010100
00101010
00010101
10001011
11000101
11100010
01110001
10111000
01011100
00101110
00010111
10001100
01000110
00100011
10010001
11001000
01100100
00110010
00011001
10001101
11000110
01100011
10110001
11011000
01101100
00110110
00011011
10001110
01000111
10100011
11010001
11101000
01110100
00111010
00011101
10001111
11000111
11100011
11110001
11111000
01111100
00111110
00011111
10010000
01001000
00100100
00010010
00001001
10000100
01000010
00100001
10010001
11001000
01100100
00110010
00011001
10001100
01000110
00100011
10010010
01001001
10100100
01010010
00101001
10010100
01001010
00100101
10010011
11001001
11100100
01110010
00111001
10011100
01001110
00100111
10010100
01001010
00100101
10010010
01001001
10100100
01010010
00101001
10010101
11001010
01100101
10110010
01011001
10101100
01010110
00101011
10010110
01001011
10100101
11010010
01101001
10110100
01011010
00101101
10010111
11001011
11100101
11110010
01111001
10111100
01011110
00101111
10011000
01001100
00100110
00010011
10001001
11000100
01100010
00110001
10011001
11001100
01100110
00110011
10011001
11001100
01100110
00110011
10011010
01001101
10100110
01010011
10101001
11010100
01101010
00110101
10011011
11001101
11100110
01110011
10111001
11011100
01101110
00110111
10011100
01001110
00100111
10010011
11001001
11100100
01110010
00111001
10011101
11001110
01100111
10110011
11011001
11101100
01110110
00111011
10011110
01001111
10100111
11010011
11101001
11110100
01111010
00111101
10011111
11001111
11100111
11110011
11111001
11111100
01111110
00111111
10100000
01010000
00101000
00010100
00001010
00000101
10000010
01000001
10100001
11010000
01101000
00110100
00011010
00001101
10000110
01000011
10100010
01010001
10101000
01010100
00101010
00010101
10001010
01000101
10100011
11010001
11101000
01110100
00111010
00011101
10001110
01000111
10100100
01010010
00101001
10010100
01001010
00100101
10010010
01001001
10100101
11010010
01101001
10110100
01011010
00101101
10010110
01001011
10100110
01010011
10101001
11010100
01101010
00110101
10011010
01001101
10100111
11010011
11101001
11110100
01111010
00111101
10011110
01001111
10101000
01010100
00101010
00010101
10001010
01000101
10100010
01010001
10101001
11010100
01101010
00110101
10011010
01001101
10100110
01010011
10101010
01010101
10101010
01010101
10101010
01010101
10101010
01010101
10101011
11010101
11101010
01110101
10111010
01011101
10101110
01010111
10101100
01010110
00101011
10010101
11001010
01100101
10110010
01011001
10101101
11010110
01101011
10110101
11011010
01101101
10110110
01011011
10101110
01010111
10101011
11010101
11101010
01110101
10111010
01011101
10101111
11010111
11101011
11110101
11111010
01111101
10111110
01011111
10110000
01011000
00101100
00010110
00001011
10000101
11000010
01100001
10110001
11011000
01101100
00110110
00011011
10001101
11000110
01100011
10110010
01011001
10101100
01010110
00101011
10010101
11001010
01100101
10110011
11011001
11101100
01110110
00111011
10011101
11001110
01100111
10110100
01011010
00101101
10010110
01001011
10100101
11010010
01101001
10110101
11011010
01101101
10110110
01011011
10101101
11010110
01101011
10110110
01011011
10101101
11010110
01101011
10110101
11011010
01101101
10110111
11011011
11101101
11110110
01111011
10111101
11011110
01101111
10111000
01011100
00101110
00010111
10001011
11000101
11100010
01110001
10111001
11011100
01101110
00110111
10011011
11001101
11100110
01110011
10111010
01011101
10101110
01010111
10101011
11010101
11101010
01110101
10111011
11011101
11101110
01110111
10111011
11011101
11101110
01110111
10111100
01011110
00101111
10010111
11001011
11100101
11110010
01111001
10111101
11011110
01101111
10110111
11011011
11101101
11110110
01111011
10111110
01011111
10101111
11010111
11101011
11110101
11111010
01111101
10111111
11011111
11101111
11110111
11111011
11111101
11111110
01111111
11000000
01100000
00110000
00011000
00001100
00000110
00000011
10000001
11000001
11100000
01110000
00111000
00011100
00001110
00000111
10000011
11000010
01100001
10110000
01011000
00101100
00010110
00001011
10000101
11000011
11100001
11110000
01111000
00111100
00011110
00001111
10000111
11000100
01100010
00110001
10011000
01001100
00100110
00010011
10001001
11000101
11100010
01110001
10111000
01011100
00101110
00010111
10001011
11000110
01100011
10110001
11011000
01101100
00110110
00011011
10001101
11000111
11100011
11110001
11111000
01111100
00111110
00011111
10001111
11001000
01100100
00110010
00011001
10001100
01000110
00100011
10010001
11001001
11100100
01110010
00111001
10011100
01001110
00100111
10010011
11001010
01100101
10110010
01011001
10101100
01010110
00101011
10010101
11001011
11100101
11110010
01111001
10111100
01011110
00101111
10010111
11001100
01100110
00110011
10011001
11001100
01100110
00110011
10011001
11001101
11100110
01110011
10111001
11011100
01101110
00110111
10011011
11001110
01100111
10110011
11011001
11101100
01110110
00111011
10011101
11001111
11100111
11110011
11111001
11111100
01111110
00111111
10011111
11010000
01101000
00110100
00011010
00001101
10000110
01000011
10100001
11010001
11101000
01110100
00111010
00011101
10001110
01000111
10100011
11010010
01101001
10110100
01011010
00101101
10010110
01001011
10100101
11010011
11101001
11110100
01111010
00111101
10011110
01001111
10100111
11010100
01101010
00110101
10011010
01001101
10100110
01010011
10101001
11010101
11101010
01110101
10111010
01011101
10101110
01010111
10101011
11010110
01101011
10110101
11011010
01101101
10110110
01011011
10101101
11010111
11101011
11110101
11111010
01111101
10111110
01011111
10101111
11011000
01101100
00110110
00011011
10001101
11000110
01100011
10110001
11011001
11101100
01110110
00111011
10011101
11001110
01100111
10110011
11011010
01101101
10110110
01011011
10101101
11010110
01101011
10110101
11011011
11101101
11110110
01111011
10111101
11011110
01101111
10110111
11011100
01101110
00110111
10011011
11001101
11100110
01110011
10111001
11011101
11101110
01110111
10111011
11011101
11101110
01110111
10111011
11011110
01101111
10110111
11011011
11101101
11110110
01111011
10111101
11011111
11101111
11110111
11111011
11111101
11111110
01111111
10111111
11100000
01110000
00111000
00011100
00001110
00000111
10000011
11000001
11100001
11110000
01111000
00111100
00011110
00001111
10000111
11000011
11100010
01110001
10111000
01011100
00101110
00010111
10001011
11000101
11100011
11110001
11111000
01111100
00111110
00011111
10001111
11000111
11100100
01110010
00111001
10011100
01001110
00100111
10010011
11001001
11100101
11110010
01111001
10111100
01011110
00101111
10010111
11001011
11100110
01110011
10111001
11011100
01101110
00110111
10011011
11001101
11100111
11110011
11111001
11111100
01111110
00111111
10011111
11001111
11101000
01110100
00111010
00011101
10001110
01000111
10100011
11010001
11101001
11110100
01111010
00111101
10011110
01001111
10100111
11010011
11101010
01110101
10111010
01011101
10101110
01010111
10101011
11010101
11101011
11110101
11111010
01111101
10111110
01011111
10101111
11010111
11101100
01110110
00111011
10011101
11001110
01100111
10110011
11011001
11101101
11110110
01111011
10111101
11011110
01101111
10110111
11011011
11101110
01110111
10111011
11011101
11101110
01110111
10111011
11011101
11101111
11110111
11111011
11111101
11111110
01111111
10111111
11011111
11110000
01111000
00111100
00011110
00001111
10000111
11000011
11100001
11110001
11111000
01111100
00111110
00011111
10001111
11000111
11100011
11110010
01111001
10111100
01011110
00101111
10010111
11001011
11100101
11110011
11111001
11111100
01111110
00111111
10011111
11001111
11100111
11110100
01111010
00111101
10011110
01001111
10100111
11010011
11101001
11110101
11111010
01111101
10111110
01011111
10101111
11010111
11101011
11110110
01111011
10111101
11011110
01101111
10110111
11011011
11101101
11110111
11111011
11111101
11111110
01111111
10111111
11011111
11101111
11111000
01111100
00111110
00011111
10001111
11000111
11100011
11110001
11111001
11111100
01111110
00111111
10011111
11001111
11100111
11110011
11111010
01111101
10111110
01011111
10101111
11010111
11101011
11110101
11111011
11111101
11111110
01111111
10111111
11011111
11101111
11110111
11111100
01111110
00111111
10011111
11001111
11100111
11110011
11111001
11111101
11111110
01111111
10111111
11011111
11101111
11110111
11111011
11111110
01111111
10111111
11011111
11101111
11110111
11111011
11111101
11111111
11111111
11111111
11111111
11111111
11111111
11111111
11111111
.
