XXXXXXXX
00000000
00000000
00000001
00000000
00000010
00000000
00000011
00000000
00000100
00000000
00000101
00000000
00000110
00000000
00000111
00000000
00001000
00000001
00001001
00000001
00001010
00000001
00001011
00000001
00001100
00000001
00001101
00000001
00001110
00000001
00001111
00000001
00010000
00000010
00010001
00000010
00010010
00000010
00010011
00000010
00010100
00000010
00010101
00000010
00010110
00000010
00010111
00000010
00011000
00000011
00011001
00000011
00011010
00000011
00011011
00000011
00011100
00000011
00011101
00000011
00011110
00000011
00011111
00000011
00100000
00000100
00100001
00000100
00100010
00000100
00100011
00000100
00100100
00000100
00100101
00000100
00100110
00000100
00100111
00000100
00101000
00000101
00101001
00000101
00101010
00000101
00101011
00000101
00101100
00000101
00101101
00000101
00101110
00000101
00101111
00000101
00110000
00000110
00110001
00000110
00110010
00000110
00110011
00000110
00110100
00000110
00110101
00000110
00110110
00000110
00110111
00000110
00111000
00000111
00111001
00000111
00111010
00000111
00111011
00000111
00111100
00000111
00111101
00000111
00111110
00000111
00111111
00000111
01000000
00001000
01000001
00001000
01000010
00001000
01000011
00001000
01000100
00001000
01000101
00001000
01000110
00001000
01000111
00001000
01001000
00001001
01001001
00001001
01001010
00001001
01001011
00001001
01001100
00001001
01001101
00001001
01001110
00001001
01001111
00001001
01010000
00001010
01010001
00001010
01010010
00001010
01010011
00001010
01010100
00001010
01010101
00001010
01010110
00001010
01010111
00001010
01011000
00001011
01011001
00001011
01011010
00001011
01011011
00001011
01011100
00001011
01011101
00001011
01011110
00001011
01011111
00001011
01100000
00001100
01100001
00001100
01100010
00001100
01100011
00001100
01100100
00001100
01100101
00001100
01100110
00001100
01100111
00001100
01101000
00001101
01101001
00001101
01101010
00001101
01101011
00001101
01101100
00001101
01101101
00001101
01101110
00001101
01101111
00001101
01110000
00001110
01110001
00001110
01110010
00001110
01110011
00001110
01110100
00001110
01110101
00001110
01110110
00001110
01110111
00001110
01111000
00001111
01111001
00001111
01111010
00001111
01111011
00001111
01111100
00001111
01111101
00001111
01111110
00001111
01111111
00001111
10000000
00010000
10000001
00010000
10000010
00010000
10000011
00010000
10000100
00010000
10000101
00010000
10000110
00010000
10000111
00010000
10001000
00010001
10001001
00010001
10001010
00010001
10001011
00010001
10001100
00010001
10001101
00010001
10001110
00010001
10001111
00010001
10010000
00010010
10010001
00010010
10010010
00010010
10010011
00010010
10010100
00010010
10010101
00010010
10010110
00010010
10010111
00010010
10011000
00010011
10011001
00010011
10011010
00010011
10011011
00010011
10011100
00010011
10011101
00010011
10011110
00010011
10011111
00010011
10100000
00010100
10100001
00010100
10100010
00010100
10100011
00010100
10100100
00010100
10100101
00010100
10100110
00010100
10100111
00010100
10101000
00010101
10101001
00010101
10101010
00010101
10101011
00010101
10101100
00010101
10101101
00010101
10101110
00010101
10101111
00010101
10110000
00010110
10110001
00010110
10110010
00010110
10110011
00010110
10110100
00010110
10110101
00010110
10110110
00010110
10110111
00010110
10111000
00010111
10111001
00010111
10111010
00010111
10111011
00010111
10111100
00010111
10111101
00010111
10111110
00010111
10111111
00010111
11000000
00011000
11000001
00011000
11000010
00011000
11000011
00011000
11000100
00011000
11000101
00011000
11000110
00011000
11000111
00011000
11001000
00011001
11001001
00011001
11001010
00011001
11001011
00011001
11001100
00011001
11001101
00011001
11001110
00011001
11001111
00011001
11010000
00011010
11010001
00011010
11010010
00011010
11010011
00011010
11010100
00011010
11010101
00011010
11010110
00011010
11010111
00011010
11011000
00011011
11011001
00011011
11011010
00011011
11011011
00011011
11011100
00011011
11011101
00011011
11011110
00011011
11011111
00011011
11100000
00011100
11100001
00011100
11100010
00011100
11100011
00011100
11100100
00011100
11100101
00011100
11100110
00011100
11100111
00011100
11101000
00011101
11101001
00011101
11101010
00011101
11101011
00011101
11101100
00011101
11101101
00011101
11101110
00011101
11101111
00011101
11110000
00011110
11110001
00011110
11110010
00011110
11110011
00011110
11110100
00011110
11110101
00011110
11110110
00011110
11110111
00011110
11111000
00011111
11111001
00011111
11111010
00011111
11111011
00011111
11111100
00011111
11111101
00011111
11111110
00011111
11111111
00011111
.