XXXXXXXX
00000000
00001010
00010100
00011110
00101000
00110010
00111100
01000110
01010000
01011010
01100100
01101110
01111000
10000010
10001100
10010110
10100000
10101010
10110100
10111110
11001000
11010010
11011100
11100110
11110000
11111010
00000000
00000101
00001010
00001111
00010100
00011001
00011110
00100011
00101000
00101101
00110010
00110111
00111100
01000001
01000110
01001011
01010000
01010101
01011010
01011111
01100100
01101001
01101110
01110011
01111000
01111101
00000000
10000010
00000101
10000111
00001010
10001100
00001111
10010001
00010100
10010110
00011001
10011011
00011110
10100000
00100011
10100101
00101000
10101010
00101101
10101111
00110010
10110100
00110111
10111001
00111100
10111110
00000000
01000001
10000010
11000011
00000101
01000110
10000111
11001000
00001010
01001011
10001100
11001101
00001111
01010000
10010001
11010010
00010100
01010101
10010110
11010111
00011001
01011010
10011011
11011100
00011110
01011111
00000000
10100000
01000001
11100001
10000010
00100011
11000011
01100100
00000101
10100101
01000110
11100110
10000111
00101000
11001000
01101001
00001010
10101010
01001011
11101011
10001100
00101101
11001101
01101110
00001111
10101111
00000000
01010000
10100000
11110000
01000001
10010001
11100001
00110010
10000010
11010010
00100011
01110011
11000011
00010100
01100100
10110100
00000101
01010101
10100101
11110101
01000110
10010110
11100110
00110111
10000111
11010111
00000000
00101000
01010000
01111000
10100000
11001000
11110000
00011001
01000001
01101001
10010001
10111001
11100001
00001010
00110010
01011010
10000010
10101010
11010010
11111010
00100011
01001011
01110011
10011011
11000011
11101011
00000000
00010100
00101000
00111100
01010000
01100100
01111000
10001100
10100000
10110100
11001000
11011100
11110000
00000101
00011001
00101101
01000001
01010101
01101001
01111101
10010001
10100101
10111001
11001101
11100001
11110101
.
