XXXXXXXX
00000000
00000000
00000001
00100000
00000010
01000000
00000011
01100000
00000100
10000000
00000101
10100000
00000110
11000000
00000111
11100000
00001000
00000001
00001001
00100001
00001010
01000001
00001011
01100001
00001100
10000001
00001101
10100001
00001110
11000001
00001111
11100001
00010000
00000010
00010001
00100010
00010010
01000010
00010011
01100010
00010100
10000010
00010101
10100010
00010110
11000010
00010111
11100010
00011000
00000011
00011001
00100011
00011010
01000011
00011011
01100011
00011100
10000011
00011101
10100011
00011110
11000011
00011111
11100011
00100000
00000100
00100001
00100100
00100010
01000100
00100011
01100100
00100100
10000100
00100101
10100100
00100110
11000100
00100111
11100100
00101000
00000101
00101001
00100101
00101010
01000101
00101011
01100101
00101100
10000101
00101101
10100101
00101110
11000101
00101111
11100101
00110000
00000110
00110001
00100110
00110010
01000110
00110011
01100110
00110100
10000110
00110101
10100110
00110110
11000110
00110111
11100110
00111000
00000111
00111001
00100111
00111010
01000111
00111011
01100111
00111100
10000111
00111101
10100111
00111110
11000111
00111111
11100111
01000000
00001000
01000001
00101000
01000010
01001000
01000011
01101000
01000100
10001000
01000101
10101000
01000110
11001000
01000111
11101000
01001000
00001001
01001001
00101001
01001010
01001001
01001011
01101001
01001100
10001001
01001101
10101001
01001110
11001001
01001111
11101001
01010000
00001010
01010001
00101010
01010010
01001010
01010011
01101010
01010100
10001010
01010101
10101010
01010110
11001010
01010111
11101010
01011000
00001011
01011001
00101011
01011010
01001011
01011011
01101011
01011100
10001011
01011101
10101011
01011110
11001011
01011111
11101011
01100000
00001100
01100001
00101100
01100010
01001100
01100011
01101100
01100100
10001100
01100101
10101100
01100110
11001100
01100111
11101100
01101000
00001101
01101001
00101101
01101010
01001101
01101011
01101101
01101100
10001101
01101101
10101101
01101110
11001101
01101111
11101101
01110000
00001110
01110001
00101110
01110010
01001110
01110011
01101110
01110100
10001110
01110101
10101110
01110110
11001110
01110111
11101110
01111000
00001111
01111001
00101111
01111010
01001111
01111011
01101111
01111100
10001111
01111101
10101111
01111110
11001111
01111111
11101111
10000000
00010000
10000001
00110000
10000010
01010000
10000011
01110000
10000100
10010000
10000101
10110000
10000110
11010000
10000111
11110000
10001000
00010001
10001001
00110001
10001010
01010001
10001011
01110001
10001100
10010001
10001101
10110001
10001110
11010001
10001111
11110001
10010000
00010010
10010001
00110010
10010010
01010010
10010011
01110010
10010100
10010010
10010101
10110010
10010110
11010010
10010111
11110010
10011000
00010011
10011001
00110011
10011010
01010011
10011011
01110011
10011100
10010011
10011101
10110011
10011110
11010011
10011111
11110011
10100000
00010100
10100001
00110100
10100010
01010100
10100011
01110100
10100100
10010100
10100101
10110100
10100110
11010100
10100111
11110100
10101000
00010101
10101001
00110101
10101010
01010101
10101011
01110101
10101100
10010101
10101101
10110101
10101110
11010101
10101111
11110101
10110000
00010110
10110001
00110110
10110010
01010110
10110011
01110110
10110100
10010110
10110101
10110110
10110110
11010110
10110111
11110110
10111000
00010111
10111001
00110111
10111010
01010111
10111011
01110111
10111100
10010111
10111101
10110111
10111110
11010111
10111111
11110111
11000000
00011000
11000001
00111000
11000010
01011000
11000011
01111000
11000100
10011000
11000101
10111000
11000110
11011000
11000111
11111000
11001000
00011001
11001001
00111001
11001010
01011001
11001011
01111001
11001100
10011001
11001101
10111001
11001110
11011001
11001111
11111001
11010000
00011010
11010001
00111010
11010010
01011010
11010011
01111010
11010100
10011010
11010101
10111010
11010110
11011010
11010111
11111010
11011000
00011011
11011001
00111011
11011010
01011011
11011011
01111011
11011100
10011011
11011101
10111011
11011110
11011011
11011111
11111011
11100000
00011100
11100001
00111100
11100010
01011100
11100011
01111100
11100100
10011100
11100101
10111100
11100110
11011100
11100111
11111100
11101000
00011101
11101001
00111101
11101010
01011101
11101011
01111101
11101100
10011101
11101101
10111101
11101110
11011101
11101111
11111101
11110000
00011110
11110001
00111110
11110010
01011110
11110011
01111110
11110100
10011110
11110101
10111110
11110110
11011110
11110111
11111110
11111000
00011111
11111001
00111111
11111010
01011111
11111011
01111111
11111100
10011111
11111101
10111111
11111110
11011111
11111111
11111111
