0000000000000000
0000000000000000
0000000000000001
0000000000000000
0000000000000010
0000000000000000
0000000000000011
0000000000000000
0000000000000100
0000000000000000
0000000000000101
0000000000000000
0000000000000110
0000000000000000
0000000000000111
0000000000000000
0000000000001000
0000000000000000
0000000000001001
0000000000000000
0000000000001010
0000000000000000
0000000000001011
0000000000000000
0000000000001100
0000000000000000
0000000000001101
0000000000000000
0000000000001110
0000000000000000
0000000000001111
0000000000000000
1111111111110000
0000000000000000
1111111111110001
0000000000000000
1111111111110010
0000000000000000
1111111111110011
0000000000000000
1111111111110100
0000000000000000
1111111111110101
0000000000000000
1111111111110110
0000000000000000
1111111111110111
0000000000000000
1111111111111000
0000000000000000
1111111111111001
0000000000000000
1111111111111010
0000000000000000
1111111111111011
0000000000000000
1111111111111100
0000000000000000
1111111111111101
0000000000000000
1111111111111110
0000000000000000
1111111111111111
0000000000000000
