0000000000000000 0000000000000001
0000000000000000 0000000000000001
0000000000000001 0000000000000010
0000000000000001 0000000000000010
0000011111010001 0000011111010010
0000011111010001 0000011111010010
0000111110100001 0000111110100010
0000111110100001 0000111110100010
0001011101110001 0001011101110010
0001011101110001 0001011101110010
0001111101000001 0001111101000010
0001111101000001 0001111101000010
0010011100010001 0010011100010010
0010011100010001 0010011100010010
0010111011100001 0010111011100010
0010111011100001 0010111011100010
0011011010110001 0011011010110010
0011011010110001 0011011010110010
0011111010000001 0011111010000010
0011111010000001 0011111010000010
0100011001010001 0100011001010010
0100011001010001 0100011001010010
0100111000100001 0100111000100010
0100111000100001 0100111000100010
0101010111110001 0101010111110010
0101010111110001 0101010111110010
0101110111000001 0101110111000010
0101110111000001 0101110111000010
0110010110010001 0110010110010010
0110010110010001 0110010110010010
0110110101100001 0110110101100010
0110110101100001 0110110101100010
0111010100110001 0111010100110010
0111010100110001 0111010100110010
0111110100000001 0111110100000010
0111110100000001 0111110100000010
1000010011010001 1000010011010010
1000010011010001 1000010011010010
1000110010100001 1000110010100010
1000110010100001 1000110010100010
1001010001110001 1001010001110010
1001010001110001 1001010001110010
1001110001000001 1001110001000010
1001110001000001 1001110001000010
1010010000010001 1010010000010010
1010010000010001 1010010000010010
1010101111100001 1010101111100010
1010101111100001 1010101111100010
1011001110110001 1011001110110010
1011001110110001 1011001110110010
1011101110000001 1011101110000010
1011101110000001 1011101110000010
1100001101010001 1100001101010010
1100001101010001 1100001101010010
1100101100100001 1100101100100010
1100101100100001 1100101100100010
1101001011110001 1101001011110010
1101001011110001 1101001011110010
1101101011000001 1101101011000010
1101101011000001 1101101011000010
1110001010010001 1110001010010010
1110001010010001 1110001010010010
1110101001100001 1110101001100010
1110101001100001 1110101001100010
1111001000110001 1111001000110010
1111001000110001 1111001000110010
1111101000000001 1111101000000010
.