1 1 0011110011010110
0 0 0000000000000001
0 1 0000000000000001
0 0 0000011111010001
0 1 0000011111010001
0 0 0000111110100001
0 1 0000111110100001
0 0 0001011101110001
0 1 0001011101110001
0 0 0001111101000001
0 1 0001111101000001
0 0 0010011100010001
0 1 0010011100010001
0 0 0010111011100001
0 1 0010111011100001
0 0 0011011010110001
0 1 0011011010110001
0 0 0011111010000001
0 1 0011111010000001
0 0 0100011001010001
0 1 0100011001010001
0 0 0100111000100001
0 1 0100111000100001
0 0 0101010111110001
0 1 0101010111110001
0 0 0101110111000001
0 1 0101110111000001
0 0 0110010110010001
0 1 0110010110010001
0 0 0110110101100001
0 1 0110110101100001
0 0 0111010100110001
0 1 0111010100110001
0 0 0111110100000001
0 1 0111110100000001
0 0 1000010011010001
0 1 1000010011010001
0 0 1000110010100001
0 1 1000110010100001
0 0 1001010001110001
0 1 1001010001110001
0 0 1001110001000001
0 1 1001110001000001
0 0 1010010000010001
0 1 1010010000010001
0 0 1010101111100001
0 1 1010101111100001
0 0 1011001110110001
0 1 1011001110110001
0 0 1011101110000001
0 1 1011101110000001
0 0 1100001101010001
0 1 1100001101010001
0 0 1100101100100001
0 1 1100101100100001
0 0 1101001011110001
0 1 1101001011110001
0 0 1101101011000001
0 1 1101101011000001
0 0 1110001010010001
0 1 1110001010010001
0 0 1110101001100001
0 1 1110101001100001
0 0 1111001000110001
0 1 1111001000110001
0 0 1111101000000001
0 1 1111101000000001
.